"TOA5","CR300Series","CR300","28932","CR300.Std.10.04","CPU:PasoAlejoBarcelona_v01.CR300","4697","a_HumSuel_pAlejoBar"
"TIMESTAMP","RECORD","hs_t1_20_b","hs_t1_40_b","hs_t1_60_b","hs_t2_20_b","hs_t2_40_b","hs_t2_60_b","hs_t3_20_b","hs_t3_40_b","hs_t3_60_b","hs_t4_20_b","hs_t4_40_b","hs_t4_60_b"
"TS","RN","m^3/m^3","m^3/m^3","m^3/m^3","m^3/m^3","m^3/m^3","m^3/m^3","m^3/m^3","m^3/m^3","m^3/m^3","m^3/m^3","m^3/m^3","m^3/m^3"
"","","Smp","Smp","Smp","Smp","Smp","Smp","Smp","Smp","Smp","Smp","Smp","Smp"
"2022-10-12 17:30:00",0,0.328,0.322,0.475,0.418,0.339,0.347,0.398,0.366,0.398,0.4,0.383,0.36
"2022-10-12 17:45:00",1,0.328,0.322,0.475,0.418,0.339,0.347,0.398,0.366,0.398,0.401,0.383,0.36
"2022-10-18 12:45:00",2,0.464,0.311,0.321,0.411,0.334,0.339,0.378,0.332,0.369,0.384,0.378,0.352
"2022-10-18 13:15:00",3,0.473,0.314,0.323,0.415,0.335,0.343,0.392,0.362,0.392,0.394,0.376,0.352
"2022-10-18 13:30:00",4,0.472,0.314,0.323,0.415,0.335,0.343,0.392,0.361,0.392,0.394,0.376,0.352
"2022-10-18 13:45:00",5,0.472,0.314,0.323,0.415,0.335,0.343,0.392,0.362,0.392,0.394,0.377,0.352
"2022-10-18 14:00:00",6,0.472,0.314,0.323,0.415,0.335,0.343,0.392,0.361,0.392,0.394,0.376,0.353
"2022-10-18 14:15:00",7,0.471,0.314,0.323,0.415,0.335,0.343,0.392,0.362,0.392,0.394,0.377,0.353
"2022-10-18 14:30:00",8,0.471,0.314,0.323,0.415,0.335,0.343,0.392,0.362,0.392,0.394,0.377,0.352
"2022-10-18 15:00:00",9,0.471,0.313,0.323,0.415,0.335,0.342,0.392,0.361,0.392,0.394,0.376,0.352
"2022-10-18 15:15:00",10,0.47,0.313,0.323,0.415,0.335,0.343,0.392,0.361,0.391,0.394,0.376,0.352
"2022-10-18 15:30:00",11,0.471,0.313,0.323,0.415,0.335,0.343,0.392,0.361,0.392,0.394,0.376,0.352
"2022-10-18 15:45:00",12,0.47,0.313,0.323,0.415,0.335,0.343,0.392,0.362,0.392,0.394,0.376,0.352
"2022-10-18 16:00:00",13,0.47,0.313,0.323,0.415,0.335,0.343,0.392,0.361,0.392,0.393,0.376,0.352
"2022-10-18 16:15:00",14,0.47,0.313,0.323,0.415,0.335,0.343,0.392,0.361,0.392,0.394,0.377,0.352
"2022-10-18 16:30:00",15,0.47,0.313,0.323,0.415,0.335,0.343,0.392,0.361,0.392,0.394,0.376,0.352
"2022-10-18 16:45:00",16,0.47,0.313,0.323,0.415,0.335,0.343,0.392,0.361,0.391,0.394,0.376,0.352
"2022-10-18 17:00:00",17,0.47,0.313,0.323,0.415,0.335,0.343,0.392,0.361,0.392,0.394,0.376,0.352
"2022-10-18 17:15:00",18,0.47,0.313,0.323,0.414,0.335,0.343,0.392,0.361,0.392,0.394,0.377,0.352
"2022-10-18 17:30:00",19,0.47,0.313,0.323,0.415,0.335,0.343,0.392,0.362,0.391,0.394,0.376,0.352
"2022-10-18 18:00:00",20,0.47,0.313,0.323,0.414,0.335,0.342,0.392,0.361,0.392,0.393,0.376,0.352
"2022-10-19 12:30:00",21,0.471,0.313,0.323,0.415,0.335,0.343,0.393,0.361,0.392,0.394,0.376,0.352
"2022-10-19 12:45:00",22,0.471,0.314,0.323,0.415,0.335,0.343,0.393,0.362,0.391,0.394,0.376,0.352
"2022-10-19 13:15:00",23,0.471,0.313,0.323,0.415,0.335,0.342,0.393,0.361,0.391,0.394,0.376,0.352
"2022-10-19 13:30:00",24,0.471,0.313,0.323,0.415,0.335,0.343,0.392,0.361,0.391,0.394,0.376,0.352
"2022-10-19 13:45:00",25,0.471,0.313,0.323,0.415,0.335,0.342,0.393,0.361,0.392,0.394,0.376,0.352
"2022-10-19 14:00:00",26,0.471,0.313,0.323,0.415,0.335,0.342,0.392,0.361,0.391,0.394,0.376,0.352
"2022-10-19 14:15:00",27,0.471,0.313,0.323,0.415,0.335,0.342,0.392,0.362,0.391,0.394,0.377,0.352
"2022-10-19 14:30:00",28,0.47,0.313,0.323,0.415,0.335,0.342,0.392,0.361,0.392,0.394,0.376,0.352
"2022-10-19 14:45:00",29,0.47,0.313,0.323,0.415,0.335,0.342,0.393,0.362,0.392,0.394,0.376,0.352
"2022-10-19 15:00:00",30,0.47,0.313,0.323,0.415,0.335,0.343,0.393,0.361,0.391,0.394,0.376,0.352
"2022-10-19 15:15:00",31,0.47,0.313,0.323,0.415,0.335,0.342,0.392,0.361,0.392,0.394,0.376,0.352
"2022-10-19 15:30:00",32,0.47,0.313,0.322,0.415,0.335,0.342,0.392,0.361,0.391,0.394,0.376,0.352
"2022-10-19 15:45:00",33,0.47,0.313,0.323,0.415,0.335,0.342,0.392,0.361,0.391,0.394,0.376,0.352
"2022-10-19 16:00:00",34,0.47,0.313,0.323,0.415,0.335,0.342,0.392,0.362,0.392,0.394,0.376,0.352
"2022-10-20 12:45:00",35,0.471,0.313,0.323,0.415,0.335,0.342,0.392,0.362,0.391,0.394,0.376,0.352
"2022-10-20 13:00:00",36,0.471,0.314,0.323,0.415,0.335,0.342,0.393,0.361,0.391,0.394,0.376,0.352
"2022-10-20 13:15:00",37,0.471,0.314,0.323,0.415,0.335,0.342,0.392,0.361,0.391,0.394,0.376,0.352
"2022-10-20 13:30:00",38,0.471,0.314,0.323,0.415,0.335,0.343,0.392,0.361,0.391,0.394,0.376,0.352
"2022-10-20 13:45:00",39,0.471,0.314,0.323,0.415,0.335,0.342,0.393,0.361,0.391,0.395,0.376,0.352
"2022-10-20 14:00:00",40,0.471,0.313,0.323,0.415,0.335,0.342,0.393,0.361,0.391,0.394,0.376,0.352
"2022-10-20 14:15:00",41,0.47,0.313,0.323,0.415,0.335,0.342,0.392,0.361,0.391,0.394,0.376,0.352
"2022-10-20 14:30:00",42,0.471,0.313,0.323,0.415,0.335,0.342,0.392,0.361,0.391,0.394,0.377,0.352
"2022-10-20 14:45:00",43,0.47,0.314,0.323,0.415,0.334,0.342,0.392,0.361,0.391,0.394,0.376,0.352
"2022-10-20 15:00:00",44,0.47,0.313,0.323,0.415,0.334,0.342,0.392,0.361,0.391,0.394,0.376,0.352
"2022-10-20 15:15:00",45,0.47,0.313,0.323,0.415,0.334,0.342,0.392,0.361,0.391,0.394,0.376,0.352
"2022-10-20 15:30:00",46,0.47,0.313,0.323,0.415,0.334,0.342,0.392,0.361,0.39,0.394,0.377,0.352
"2022-10-20 15:45:00",47,0.47,0.313,0.323,0.415,0.334,0.342,0.392,0.361,0.391,0.394,0.376,0.352
"2022-10-20 16:00:00",48,0.47,0.313,0.323,0.415,0.334,0.342,0.392,0.361,0.391,0.394,0.376,0.352
"2022-10-20 16:15:00",49,0.47,0.313,0.323,0.415,0.334,0.342,0.392,0.361,0.391,0.394,0.376,0.352
"2022-10-20 16:30:00",50,0.47,0.313,0.323,0.415,0.334,0.342,0.392,0.36,0.39,0.394,0.376,0.351
"2022-10-20 16:45:00",51,0.47,0.313,0.322,0.415,0.334,0.342,0.392,0.361,0.39,0.394,0.376,0.351
"2022-10-20 17:00:00",52,0.47,0.313,0.322,0.415,0.334,0.342,0.392,0.361,0.391,0.393,0.376,0.351
"2022-10-20 18:00:00",53,0.469,0.313,0.322,0.414,0.334,0.342,0.392,0.361,0.39,0.393,0.376,0.352
"2022-10-20 18:15:00",54,0.47,0.313,0.322,0.414,0.334,0.342,0.392,0.36,0.391,0.393,0.376,0.352
"2022-10-21 09:30:00",55,0.471,0.313,0.322,0.414,0.334,0.342,0.392,0.361,0.39,0.393,0.375,0.352
"2022-10-21 09:45:00",56,0.471,0.313,0.322,0.414,0.334,0.342,0.391,0.361,0.39,0.393,0.376,0.351
"2022-10-21 10:00:00",57,0.471,0.313,0.322,0.414,0.334,0.342,0.392,0.36,0.39,0.393,0.375,0.351
"2022-10-21 10:15:00",58,0.47,0.313,0.322,0.414,0.334,0.342,0.391,0.361,0.39,0.393,0.375,0.351
"2022-10-21 10:30:00",59,0.47,0.313,0.322,0.415,0.334,0.342,0.391,0.361,0.39,0.393,0.375,0.352
"2022-10-21 10:45:00",60,0.47,0.313,0.322,0.414,0.334,0.342,0.392,0.361,0.39,0.393,0.376,0.352
"2022-10-21 11:00:00",61,0.47,0.313,0.322,0.414,0.334,0.342,0.392,0.36,0.39,0.393,0.376,0.352
"2022-10-21 11:15:00",62,0.47,0.313,0.322,0.415,0.334,0.342,0.391,0.36,0.39,0.393,0.376,0.351
"2022-10-21 11:30:00",63,0.47,0.313,0.322,0.414,0.334,0.342,0.392,0.36,0.39,0.393,0.376,0.351
"2022-10-21 11:45:00",64,0.47,0.313,0.322,0.414,0.334,0.342,0.392,0.361,0.39,0.393,0.375,0.351
"2022-10-21 12:00:00",65,0.47,0.313,0.322,0.414,0.334,0.342,0.391,0.361,0.39,0.393,0.375,0.351
"2022-10-21 12:15:00",66,0.47,0.313,0.322,0.414,0.334,0.342,0.391,0.36,0.39,0.393,0.376,0.351
"2022-10-21 12:30:00",67,0.47,0.313,0.322,0.414,0.334,0.342,0.392,0.36,0.39,0.393,0.375,0.351
"2022-10-21 12:45:00",68,0.47,0.313,0.322,0.414,0.334,0.342,0.392,0.36,0.39,0.393,0.375,0.351
"2022-10-21 13:00:00",69,0.469,0.313,0.322,0.414,0.334,0.342,0.391,0.36,0.391,0.393,0.375,0.351
"2022-10-21 13:15:00",70,0.469,0.312,0.322,0.414,0.334,0.342,0.391,0.36,0.39,0.393,0.375,0.352
"2022-10-21 13:30:00",71,0.469,0.312,0.322,0.414,0.334,0.342,0.391,0.361,0.39,0.393,0.376,0.351
"2022-10-21 13:45:00",72,0.469,0.312,0.322,0.414,0.334,0.342,0.392,0.36,0.39,0.393,0.375,0.351
"2022-10-21 14:00:00",73,0.469,0.312,0.322,0.414,0.334,0.342,0.391,0.36,0.39,0.393,0.375,0.351
"2022-10-21 14:15:00",74,0.469,0.312,0.322,0.414,0.334,0.342,0.391,0.36,0.39,0.393,0.375,0.351
"2022-10-21 14:30:00",75,0.469,0.312,0.322,0.414,0.334,0.342,0.391,0.36,0.39,0.392,0.375,0.351
"2022-10-21 14:45:00",76,0.469,0.312,0.322,0.414,0.334,0.342,0.391,0.36,0.39,0.393,0.375,0.351
"2022-10-21 15:00:00",77,0.469,0.312,0.322,0.414,0.333,0.342,0.391,0.36,0.39,0.393,0.375,0.351
"2022-10-21 15:15:00",78,0.469,0.312,0.322,0.414,0.333,0.342,0.391,0.36,0.39,0.393,0.375,0.351
"2022-10-21 15:30:00",79,0.469,0.312,0.322,0.414,0.333,0.342,0.391,0.36,0.39,0.393,0.375,0.351
"2022-10-21 15:45:00",80,0.469,0.312,0.322,0.414,0.333,0.342,0.391,0.361,0.39,0.393,0.375,0.351
"2022-10-21 16:00:00",81,0.469,0.312,0.322,0.414,0.333,0.342,0.391,0.36,0.389,0.393,0.375,0.351
"2022-10-21 16:15:00",82,0.468,0.312,0.322,0.414,0.333,0.342,0.391,0.36,0.39,0.392,0.375,0.351
"2022-10-21 16:30:00",83,0.469,0.312,0.322,0.414,0.333,0.342,0.391,0.36,0.389,0.392,0.375,0.35
"2022-10-21 16:45:00",84,0.468,0.312,0.322,0.414,0.333,0.342,0.39,0.36,0.39,0.393,0.375,0.35
"2022-10-21 17:00:00",85,0.468,0.312,0.322,0.414,0.333,0.342,0.391,0.359,0.39,0.393,0.375,0.351
"2022-10-21 17:15:00",86,0.468,0.312,0.322,0.414,0.333,0.342,0.39,0.36,0.39,0.393,0.375,0.351
"2022-10-21 17:30:00",87,0.468,0.312,0.322,0.414,0.333,0.342,0.391,0.36,0.389,0.393,0.375,0.351
"2022-10-21 17:45:00",88,0.468,0.312,0.322,0.413,0.333,0.341,0.39,0.36,0.39,0.392,0.375,0.35
"2022-10-21 18:00:00",89,0.468,0.311,0.322,0.413,0.333,0.342,0.39,0.36,0.389,0.392,0.375,0.35
"2022-10-21 18:15:00",90,0.468,0.311,0.322,0.413,0.333,0.341,0.39,0.359,0.389,0.392,0.375,0.35
"2022-10-22 09:45:00",91,0.469,0.311,0.321,0.413,0.333,0.341,0.391,0.359,0.389,0.392,0.374,0.35
"2022-10-22 10:00:00",92,0.469,0.311,0.321,0.413,0.334,0.341,0.391,0.359,0.389,0.393,0.374,0.35
"2022-10-22 10:15:00",93,0.469,0.311,0.321,0.413,0.334,0.341,0.391,0.359,0.389,0.392,0.374,0.35
"2022-10-22 10:30:00",94,0.47,0.311,0.321,0.413,0.333,0.341,0.391,0.359,0.389,0.392,0.374,0.35
"2022-10-22 10:45:00",95,0.47,0.311,0.321,0.413,0.333,0.341,0.391,0.359,0.389,0.393,0.374,0.35
"2022-10-22 11:00:00",96,0.47,0.311,0.321,0.413,0.333,0.341,0.391,0.359,0.389,0.392,0.374,0.35
"2022-10-22 11:15:00",97,0.47,0.311,0.321,0.413,0.333,0.341,0.391,0.36,0.389,0.392,0.374,0.35
"2022-10-22 11:30:00",98,0.47,0.311,0.321,0.413,0.333,0.341,0.391,0.359,0.389,0.392,0.374,0.35
"2022-10-22 11:45:00",99,0.47,0.311,0.321,0.413,0.333,0.341,0.391,0.36,0.389,0.392,0.374,0.35
"2022-10-22 12:00:00",100,0.47,0.311,0.321,0.413,0.333,0.341,0.39,0.36,0.389,0.392,0.374,0.35
"2022-10-22 12:15:00",101,0.47,0.311,0.321,0.413,0.333,0.341,0.391,0.359,0.389,0.392,0.374,0.35
"2022-10-22 12:30:00",102,0.471,0.311,0.321,0.413,0.333,0.341,0.391,0.359,0.389,0.392,0.374,0.35
"2022-10-22 12:45:00",103,0.471,0.312,0.321,0.413,0.333,0.341,0.391,0.36,0.389,0.392,0.374,0.35
"2022-10-22 13:00:00",104,0.471,0.312,0.321,0.413,0.333,0.341,0.391,0.359,0.389,0.392,0.374,0.35
"2022-10-22 13:15:00",105,0.471,0.312,0.321,0.413,0.333,0.341,0.391,0.36,0.389,0.392,0.374,0.35
"2022-10-22 13:30:00",106,0.471,0.312,0.321,0.413,0.333,0.341,0.391,0.359,0.389,0.392,0.374,0.35
"2022-10-22 13:45:00",107,0.47,0.312,0.321,0.413,0.333,0.341,0.391,0.359,0.389,0.392,0.374,0.35
"2022-10-22 14:00:00",108,0.47,0.312,0.321,0.413,0.333,0.341,0.391,0.359,0.389,0.392,0.374,0.35
"2022-10-22 14:15:00",109,0.47,0.311,0.321,0.413,0.333,0.341,0.391,0.36,0.389,0.392,0.374,0.35
"2022-10-22 14:30:00",110,0.47,0.311,0.321,0.413,0.333,0.341,0.391,0.359,0.389,0.392,0.373,0.35
"2022-10-22 14:45:00",111,0.47,0.311,0.321,0.413,0.333,0.341,0.391,0.36,0.389,0.392,0.374,0.35
"2022-10-22 15:00:00",112,0.47,0.311,0.321,0.413,0.332,0.341,0.391,0.359,0.389,0.392,0.374,0.35
"2022-10-22 15:15:00",113,0.47,0.312,0.321,0.413,0.333,0.341,0.39,0.359,0.389,0.392,0.374,0.35
"2022-10-22 15:30:00",114,0.47,0.311,0.321,0.413,0.333,0.341,0.391,0.36,0.389,0.392,0.374,0.35
"2022-10-22 15:45:00",115,0.47,0.311,0.321,0.413,0.332,0.341,0.39,0.359,0.389,0.392,0.374,0.349
"2022-10-22 16:00:00",116,0.469,0.311,0.321,0.413,0.332,0.341,0.39,0.359,0.389,0.392,0.374,0.35
"2022-10-22 16:15:00",117,0.469,0.311,0.321,0.413,0.332,0.341,0.39,0.359,0.389,0.392,0.374,0.35
"2022-10-22 16:30:00",118,0.469,0.311,0.321,0.413,0.332,0.341,0.39,0.359,0.389,0.391,0.373,0.35
"2022-10-22 16:45:00",119,0.469,0.311,0.321,0.413,0.332,0.341,0.39,0.359,0.388,0.392,0.374,0.349
"2022-10-22 17:00:00",120,0.469,0.311,0.321,0.413,0.332,0.341,0.39,0.359,0.389,0.392,0.373,0.35
"2022-10-22 17:15:00",121,0.469,0.311,0.321,0.413,0.332,0.341,0.39,0.359,0.389,0.392,0.374,0.349
"2022-10-22 17:30:00",122,0.469,0.311,0.321,0.413,0.332,0.341,0.39,0.359,0.388,0.391,0.373,0.349
"2022-10-22 17:45:00",123,0.469,0.311,0.321,0.413,0.332,0.341,0.39,0.359,0.388,0.391,0.374,0.35
"2022-10-23 09:00:00",124,0.468,0.311,0.321,0.412,0.333,0.34,0.39,0.359,0.388,0.391,0.373,0.349
"2022-10-23 09:15:00",125,0.469,0.311,0.321,0.413,0.333,0.34,0.39,0.359,0.388,0.391,0.373,0.349
"2022-10-23 09:30:00",126,0.468,0.311,0.321,0.413,0.333,0.34,0.39,0.359,0.388,0.391,0.373,0.349
"2022-10-23 10:30:00",127,0.468,0.311,0.321,0.413,0.333,0.341,0.39,0.359,0.388,0.391,0.373,0.349
"2022-10-23 10:45:00",128,0.469,0.311,0.321,0.414,0.333,0.341,0.39,0.359,0.388,0.391,0.373,0.349
"2022-10-23 11:00:00",129,0.469,0.311,-8.191,-8.191,-8.191,-8.191,-8.191,-8.191,-8.191,-8.191,-8.191,-8.191
"2022-10-23 11:45:00",130,0.469,0.311,0.321,0.414,0.333,0.341,0.39,0.36,0.388,0.391,0.373,0.349
"2022-10-23 12:00:00",131,0.469,0.311,0.321,0.414,0.333,0.341,0.391,0.358,0.388,0.391,0.373,0.349
"2022-10-23 12:15:00",132,0.469,0.311,0.321,0.414,0.333,0.341,0.391,0.358,0.388,0.391,0.373,0.349
"2022-10-23 12:30:00",133,0.469,0.311,0.321,0.413,0.333,0.341,0.39,0.359,0.388,0.391,0.373,0.349
"2022-10-23 12:45:00",134,0.469,0.311,0.321,0.413,0.333,0.341,0.39,0.358,0.389,0.391,0.373,0.349
"2022-10-23 13:15:00",135,0.468,0.311,0.321,0.413,0.333,0.341,0.39,0.359,0.389,0.391,0.373,0.349
"2022-10-23 13:30:00",136,0.468,0.311,0.321,0.413,0.333,0.34,0.39,0.359,0.388,0.391,0.373,0.349
"2022-10-23 13:45:00",137,0.469,0.311,0.321,0.414,0.333,0.341,0.39,0.359,0.388,0.391,0.373,0.349
"2022-10-23 14:00:00",138,0.469,0.311,0.321,0.414,0.333,0.341,0.39,0.359,0.388,0.391,0.373,0.349
"2022-10-23 14:15:00",139,0.469,0.311,0.321,0.414,0.333,0.341,0.39,0.359,0.388,0.391,0.373,0.349
"2022-10-23 14:30:00",140,0.468,0.311,0.321,0.413,0.333,0.341,0.39,0.358,0.388,0.391,0.373,0.349
"2022-10-23 14:45:00",141,0.468,0.311,0.321,0.413,0.333,0.341,0.39,0.359,0.388,0.391,0.373,0.349
"2022-10-23 15:00:00",142,0.468,0.311,0.321,0.413,0.332,0.341,0.39,0.358,0.388,0.391,0.373,0.349
"2022-10-23 15:15:00",143,0.468,0.311,0.321,0.413,0.332,0.341,0.39,0.358,0.388,0.391,0.373,0.349
"2022-10-23 15:30:00",144,0.468,0.31,0.321,0.413,0.332,0.341,0.39,0.358,0.388,0.391,0.373,0.348
"2022-10-23 15:45:00",145,0.468,0.31,0.321,0.413,0.332,0.341,0.39,0.358,0.388,0.391,0.373,0.349
"2022-10-23 16:00:00",146,0.468,0.31,0.321,0.413,0.332,0.341,0.39,0.358,0.388,0.39,0.373,0.348
"2022-10-23 16:15:00",147,0.468,0.31,0.321,0.413,0.332,0.341,0.39,0.358,0.388,0.391,0.373,0.349
"2022-10-23 16:30:00",148,0.468,0.31,0.321,0.413,0.332,0.341,0.39,0.358,0.388,0.391,0.373,0.348
"2022-10-23 16:45:00",149,0.468,0.31,0.321,0.413,0.332,0.341,0.389,0.358,0.388,0.391,0.373,0.349
"2022-10-23 17:00:00",150,0.468,0.31,0.321,0.413,0.332,0.341,0.389,0.359,0.388,0.391,0.373,0.348
"2022-10-23 17:15:00",151,0.468,0.31,0.321,0.413,0.332,0.341,0.39,0.358,0.388,0.39,0.372,0.348
"2022-10-23 17:30:00",152,0.468,0.31,0.321,0.413,0.332,0.341,0.39,0.358,0.388,0.391,0.373,0.348
"2022-10-23 17:45:00",153,0.468,0.31,0.321,0.413,0.332,0.341,0.389,0.358,0.388,0.391,0.373,0.348
"2022-10-24 09:45:00",154,0.467,0.309,0.32,0.412,0.332,0.339,0.39,0.359,0.388,0.39,0.372,0.349
"2022-10-24 10:00:00",155,0.467,0.309,0.32,0.412,0.332,0.34,0.39,0.358,0.387,0.391,0.372,0.349
"2022-10-24 10:15:00",156,0.467,0.309,0.32,0.412,0.332,0.34,0.39,0.358,0.387,0.391,0.372,0.348
"2022-10-24 10:30:00",157,0.467,0.309,0.32,0.412,0.332,0.34,0.39,0.358,0.388,0.39,0.373,0.348
"2022-10-24 10:45:00",158,0.467,0.309,0.32,0.412,0.332,0.34,0.39,0.358,0.388,0.391,0.373,0.348
"2022-10-24 11:00:00",159,0.467,0.309,0.32,0.412,0.332,0.34,0.39,0.359,0.387,0.391,0.373,0.348
"2022-10-24 11:15:00",160,0.468,0.309,0.32,0.412,0.332,0.34,0.39,0.358,0.388,0.39,0.373,0.348
"2022-10-24 11:30:00",161,0.472,0.309,0.32,0.413,0.332,0.34,0.39,0.359,0.387,0.39,0.372,0.348
"2022-10-24 11:45:00",162,0.475,0.31,0.322,0.412,0.332,0.34,0.39,0.358,0.388,0.39,0.373,0.348
"2022-10-24 12:00:00",163,0.476,0.311,0.324,0.413,0.332,0.34,0.39,0.358,0.387,0.391,0.372,0.348
"2022-10-24 12:15:00",164,0.476,0.311,0.323,0.413,0.332,0.34,0.39,0.358,0.387,0.39,0.373,0.348
"2022-10-24 12:30:00",165,0.476,0.311,0.323,0.413,0.332,0.34,0.39,0.358,0.387,0.391,0.373,0.348
"2022-10-24 12:45:00",166,0.476,0.311,0.322,0.413,0.332,0.34,0.39,0.358,0.387,0.391,0.372,0.348
"2022-10-24 13:00:00",167,0.476,0.311,0.322,0.413,0.332,0.34,0.39,0.358,0.387,0.391,0.373,0.348
"2022-10-24 13:15:00",168,0.476,0.311,0.322,0.413,0.332,0.34,0.39,0.358,0.388,0.391,0.373,0.348
"2022-10-24 13:30:00",169,0.475,0.312,0.322,0.413,0.332,0.34,0.39,0.358,0.388,0.391,0.372,0.348
"2022-10-24 13:45:00",170,0.475,0.312,0.322,0.413,0.332,0.34,0.39,0.358,0.387,0.391,0.372,0.348
"2022-10-24 14:00:00",171,0.475,0.312,0.322,0.413,0.332,0.34,0.389,0.358,0.387,0.39,0.372,0.347
"2022-10-24 14:15:00",172,0.475,0.312,0.322,0.413,0.332,0.34,0.39,0.357,0.387,0.391,0.372,0.348
"2022-10-24 14:30:00",173,0.475,0.312,0.322,0.413,0.332,0.34,0.389,0.358,0.387,0.391,0.372,0.348
"2022-10-24 14:45:00",174,0.474,0.312,0.322,0.413,0.332,0.34,0.39,0.357,0.387,0.39,0.372,0.348
"2022-10-24 15:00:00",175,0.474,0.312,0.322,0.413,0.332,0.34,0.39,0.357,0.387,0.39,0.372,0.348
"2022-10-24 15:15:00",176,0.474,0.312,0.322,0.413,0.332,0.34,0.389,0.357,0.387,0.39,0.372,0.348
"2022-10-24 15:30:00",177,0.474,0.312,0.322,0.413,0.332,0.34,0.39,0.358,0.387,0.39,0.372,0.348
"2022-10-24 15:45:00",178,0.474,0.311,0.322,0.413,0.332,0.34,0.389,0.358,0.387,0.39,0.372,0.348
"2022-10-24 16:00:00",179,0.473,0.311,0.322,0.413,0.332,0.34,0.389,0.359,0.387,0.39,0.372,0.347
"2022-10-24 16:15:00",180,0.473,0.311,0.322,0.413,0.332,0.34,0.389,0.358,0.387,0.39,0.372,0.348
"2022-10-24 16:30:00",181,0.473,0.311,0.322,0.413,0.332,0.34,0.389,0.358,0.387,0.39,0.372,0.347
"2022-10-24 16:45:00",182,0.473,0.311,0.322,0.413,0.332,0.34,0.389,0.358,0.387,0.39,0.372,0.348
"2022-10-24 17:00:00",183,0.473,0.311,0.322,0.413,0.332,0.34,0.389,0.357,0.387,0.39,0.372,0.348
"2022-10-24 17:15:00",184,0.473,0.311,0.322,0.413,0.332,0.34,0.389,0.357,0.387,0.39,0.372,0.347
"2022-10-24 17:30:00",185,0.472,0.311,0.322,0.413,0.332,0.34,0.389,0.358,0.387,0.39,0.372,0.348
"2022-10-24 17:45:00",186,0.472,0.311,0.322,0.413,0.332,0.34,0.389,0.358,0.387,0.39,0.372,0.347
"2022-10-24 18:00:00",187,0.472,0.311,0.322,0.413,0.332,0.34,0.389,0.358,0.387,0.39,0.372,0.347
"2022-10-25 10:45:00",188,0.469,0.31,0.32,0.412,0.332,0.339,0.389,0.358,0.387,0.39,0.372,0.348
"2022-10-25 11:15:00",189,0.47,0.31,0.321,0.412,0.332,0.339,0.39,0.358,0.387,0.39,0.372,0.348
"2022-10-25 11:45:00",190,0.469,0.31,0.32,0.412,0.332,0.339,0.39,0.358,0.386,0.39,0.372,0.348
"2022-10-25 12:00:00",191,0.469,0.31,0.321,0.413,0.332,0.34,0.389,0.359,0.387,0.39,0.372,0.348
"2022-10-25 12:15:00",192,0.47,0.31,0.321,0.413,0.332,0.34,0.39,0.358,0.387,0.39,0.372,0.348
"2022-10-25 12:30:00",193,0.47,0.31,0.321,0.413,0.332,0.34,0.389,0.358,0.386,0.39,0.372,0.348
"2022-10-25 12:45:00",194,0.469,0.31,0.321,0.413,0.332,0.34,0.39,0.358,0.387,0.39,0.372,0.348
"2022-10-25 13:00:00",195,0.469,0.31,0.321,0.413,0.332,0.34,0.389,0.358,0.387,0.39,0.372,0.348
"2022-10-25 13:15:00",196,0.47,0.31,0.321,0.413,0.332,0.34,0.389,0.358,0.387,0.39,0.372,0.348
"2022-10-25 13:45:00",197,0.469,0.31,0.321,0.412,0.332,0.34,0.389,0.358,0.387,0.39,0.372,0.347
"2022-10-25 14:15:00",198,0.469,0.31,0.32,0.412,0.332,0.339,0.389,0.358,0.387,0.39,0.372,0.348
"2022-10-25 15:00:00",199,0.468,0.31,0.32,0.412,0.332,0.339,0.39,0.358,0.387,0.39,0.372,0.347
"2022-10-25 15:30:00",200,0.469,0.31,0.321,0.412,0.332,0.34,0.389,0.358,0.387,0.39,0.372,0.347
"2022-10-25 16:45:00",201,0.468,0.31,0.32,0.412,0.332,0.34,0.389,0.357,0.387,0.39,0.372,0.347
"2022-10-25 17:00:00",202,0.468,0.31,0.32,0.412,0.331,0.34,0.389,0.357,0.387,0.39,0.372,0.348
"2022-10-25 17:15:00",203,0.468,0.31,0.32,0.412,0.331,0.34,0.389,0.358,0.387,0.389,0.372,0.347
"2022-10-25 17:30:00",204,0.468,0.309,0.32,0.412,0.331,0.34,0.389,0.357,0.386,0.39,0.372,0.347
"2022-10-25 17:45:00",205,0.468,0.31,0.32,0.412,0.331,0.34,0.389,0.357,0.386,0.389,0.372,0.347
"2022-10-26 09:45:00",206,0.47,0.31,0.32,0.413,0.332,0.339,0.392,0.358,0.386,0.393,0.373,0.348
"2022-10-26 10:00:00",207,0.47,0.311,0.32,0.413,0.332,0.339,0.392,0.358,0.387,0.393,0.373,0.348
"2022-10-26 10:15:00",208,0.471,0.311,0.32,0.414,0.333,0.34,0.392,0.358,0.387,0.393,0.373,0.348
"2022-10-26 12:00:00",209,0.47,0.311,0.32,0.413,0.332,0.339,0.392,0.359,0.387,0.393,0.374,0.349
"2022-10-26 12:15:00",210,0.47,0.31,0.32,0.413,0.332,0.339,0.392,0.358,0.387,0.393,0.374,0.349
"2022-10-26 12:30:00",211,0.471,0.311,0.321,0.414,0.333,0.34,0.392,0.359,0.386,0.393,0.373,0.349
"2022-10-26 12:45:00",212,0.47,0.311,0.321,0.414,0.332,0.339,0.392,0.359,0.387,0.393,0.374,0.349
"2022-10-26 13:00:00",213,0.47,0.311,0.321,0.414,0.332,0.34,0.392,0.359,0.387,0.392,0.374,0.349
"2022-10-26 13:15:00",214,0.47,0.311,0.321,0.414,0.332,0.34,0.392,0.359,0.387,0.393,0.373,0.349
"2022-10-26 13:30:00",215,0.471,0.311,0.321,0.414,0.332,0.34,0.392,0.359,0.387,0.392,0.373,0.349
"2022-10-26 14:00:00",216,0.47,0.311,0.321,0.414,0.332,0.34,0.392,0.358,0.387,0.392,0.374,0.348
"2022-10-26 14:30:00",217,0.47,0.311,0.321,0.414,0.332,0.34,0.391,0.358,0.387,0.392,0.374,0.348
"2022-10-26 14:45:00",218,0.47,0.311,0.321,0.414,0.332,0.34,0.391,0.358,0.387,0.392,0.374,0.348
"2022-10-26 15:15:00",219,0.469,0.31,0.32,0.413,0.332,0.339,0.392,0.358,0.387,0.392,0.374,0.349
"2022-10-26 15:30:00",220,0.47,0.31,0.32,0.414,0.332,0.34,0.391,0.358,0.387,0.392,0.373,0.349
"2022-10-26 15:45:00",221,0.47,0.31,0.321,0.414,0.332,0.34,0.391,0.358,0.387,0.392,0.373,0.349
"2022-10-26 16:15:00",222,0.47,0.31,0.32,0.414,0.332,0.34,0.391,0.358,0.387,0.392,0.373,0.348
"2022-10-26 16:30:00",223,0.47,0.31,0.321,0.414,0.332,0.34,0.391,0.358,0.386,0.392,0.373,0.348
"2022-10-26 16:45:00",224,0.47,0.31,0.321,0.414,0.332,0.34,0.391,0.359,0.386,0.392,0.373,0.348
"2022-10-26 17:00:00",225,0.47,0.31,0.321,0.414,0.332,0.34,0.391,0.358,0.387,0.391,0.373,0.348
"2022-10-26 17:15:00",226,0.469,0.31,0.32,0.414,0.332,0.34,0.391,0.357,0.386,0.392,0.373,0.348
"2022-10-26 17:30:00",227,0.469,0.31,0.32,0.413,0.332,0.34,0.391,0.359,0.386,0.391,0.374,0.348
"2022-10-26 17:45:00",228,0.469,0.31,0.32,0.413,0.332,0.34,0.39,0.357,0.387,0.391,0.373,0.348
"2022-10-26 18:15:00",229,0.468,0.31,0.32,0.412,0.331,0.339,0.39,0.358,0.386,0.392,0.373,0.348
"2022-10-27 10:15:00",230,0.469,0.31,0.32,0.412,0.332,0.339,0.389,0.357,0.387,0.39,0.372,0.348
"2022-10-27 10:30:00",231,0.468,0.31,0.32,0.412,0.332,0.339,0.39,0.358,0.386,0.391,0.372,0.348
"2022-10-27 10:45:00",232,0.468,0.309,0.32,0.412,0.332,0.339,0.389,0.358,0.386,0.39,0.372,0.348
"2022-10-27 11:00:00",233,0.468,0.31,0.32,0.412,0.332,0.339,0.39,0.357,0.385,0.391,0.372,0.348
"2022-10-27 11:15:00",234,0.468,0.31,0.32,0.412,0.332,0.339,0.389,0.357,0.386,0.391,0.373,0.348
"2022-10-27 11:30:00",235,0.468,0.309,0.32,0.412,0.332,0.339,0.39,0.358,0.385,0.391,0.372,0.348
"2022-10-27 11:45:00",236,0.468,0.31,0.32,0.412,0.332,0.339,0.39,0.357,0.386,0.391,0.372,0.347
"2022-10-27 12:00:00",237,0.468,0.31,0.32,0.412,0.332,0.339,0.389,0.357,0.386,0.391,0.372,0.348
"2022-10-27 12:15:00",238,0.468,0.309,0.32,0.412,0.332,0.339,0.389,0.357,0.386,0.391,0.373,0.348
"2022-10-27 12:30:00",239,0.467,0.31,0.32,0.412,0.331,0.339,0.389,0.357,0.385,0.391,0.372,0.348
"2022-10-27 12:45:00",240,0.467,0.309,0.32,0.412,0.331,0.339,0.389,0.357,0.385,0.391,0.372,0.348
"2022-10-27 13:00:00",241,0.467,0.309,0.32,0.412,0.331,0.339,0.39,0.357,0.386,0.391,0.372,0.348
"2022-10-27 13:15:00",242,0.467,0.309,0.32,0.412,0.331,0.339,0.39,0.358,0.385,0.39,0.372,0.347
"2022-10-27 13:30:00",243,0.467,0.309,0.32,0.412,0.331,0.339,0.389,0.357,0.386,0.39,0.372,0.348
"2022-10-27 13:45:00",244,0.467,0.309,0.32,0.412,0.331,0.339,0.389,0.358,0.385,0.39,0.372,0.348
"2022-10-27 14:00:00",245,0.467,0.309,0.32,0.412,0.331,0.339,0.389,0.357,0.385,0.39,0.372,0.347
"2022-10-27 14:15:00",246,0.467,0.309,0.32,0.412,0.331,0.339,0.389,0.357,0.386,0.39,0.372,0.348
"2022-10-27 14:30:00",247,0.467,0.309,0.32,0.412,0.331,0.339,0.389,0.357,0.386,0.39,0.372,0.348
"2022-10-27 14:45:00",248,0.467,0.309,0.319,0.412,0.331,0.339,0.389,0.357,0.386,0.39,0.372,0.348
"2022-10-27 15:00:00",249,0.467,0.309,0.32,0.412,0.331,0.339,0.389,0.357,0.385,0.39,0.372,0.348
"2022-10-27 15:15:00",250,0.467,0.309,0.32,0.412,0.331,0.339,0.389,0.358,0.385,0.39,0.372,0.347
"2022-10-27 15:30:00",251,0.466,0.309,0.319,0.411,0.331,0.339,0.389,0.357,0.386,0.39,0.372,0.347
"2022-10-27 15:45:00",252,0.466,0.309,0.32,0.411,0.331,0.339,0.389,0.357,0.386,0.39,0.372,0.348
"2022-10-27 16:00:00",253,0.466,0.309,0.32,0.411,0.331,0.339,0.389,0.357,0.386,0.39,0.372,0.347
"2022-10-27 16:15:00",254,0.466,0.309,0.32,0.411,0.331,0.339,0.389,0.357,0.386,0.39,0.372,0.347
"2022-10-27 16:30:00",255,0.466,0.309,0.319,0.411,0.331,0.339,0.389,0.357,0.385,0.39,0.372,0.347
"2022-10-27 16:45:00",256,0.466,0.308,0.319,0.411,0.331,0.339,0.389,0.357,0.386,0.39,0.371,0.347
"2022-10-27 17:00:00",257,0.466,0.309,0.319,0.411,0.33,0.339,0.389,0.357,0.385,0.39,0.372,0.347
"2022-10-27 17:15:00",258,0.466,0.308,0.319,0.411,0.33,0.339,0.388,0.357,0.385,0.39,0.372,0.347
"2022-10-27 17:30:00",259,0.466,0.308,0.319,0.411,0.33,0.339,0.389,0.357,0.385,0.39,0.371,0.347
"2022-10-27 17:45:00",260,0.466,0.308,0.319,0.411,0.33,0.339,0.388,0.357,0.385,0.39,0.372,0.347
"2022-10-27 18:00:00",261,0.466,0.308,0.319,0.411,0.33,0.339,0.389,0.357,0.385,0.389,0.372,0.347
"2022-10-29 13:00:00",262,0.476,0.315,0.323,0.416,0.334,0.34,0.393,0.359,0.386,0.396,0.376,0.352
"2022-10-29 13:15:00",263,0.476,0.315,0.323,0.416,0.334,0.34,0.393,0.359,0.386,0.396,0.376,0.352
"2022-10-29 13:30:00",264,0.476,0.315,0.323,0.416,0.334,0.34,0.393,0.359,0.387,0.396,0.376,0.352
"2022-10-30 09:15:00",265,0.475,0.314,0.323,0.416,0.334,0.34,0.392,0.36,0.386,0.395,0.376,0.352
"2022-10-30 10:00:00",266,0.475,0.315,0.323,0.417,0.334,0.341,0.392,0.358,0.387,0.395,0.377,0.352
"2022-10-30 10:15:00",267,0.475,0.315,0.323,0.417,0.334,0.341,0.392,0.359,0.387,0.395,0.377,0.351
"2022-10-30 10:30:00",268,0.475,0.315,0.323,0.417,0.334,0.341,0.392,0.359,0.386,0.395,0.376,0.351
"2022-10-30 10:45:00",269,0.475,0.314,0.323,0.417,0.334,0.341,0.392,0.359,0.386,0.395,0.376,0.351
"2022-10-30 11:00:00",270,0.475,0.314,0.323,0.417,0.334,0.341,0.392,0.358,0.386,0.395,0.376,0.351
"2022-10-30 11:15:00",271,0.475,0.314,0.323,0.417,0.334,0.341,0.392,0.358,0.387,0.395,0.377,0.351
"2022-10-30 11:30:00",272,0.475,0.314,0.323,0.417,0.334,0.341,0.392,0.358,0.386,0.395,0.377,0.351
"2022-10-30 11:45:00",273,0.475,0.314,0.323,0.417,0.334,0.341,0.392,0.358,0.387,0.395,0.376,0.351
"2022-10-30 12:00:00",274,0.475,0.314,0.323,0.417,0.334,0.341,0.392,0.358,0.386,0.394,0.377,0.351
"2022-10-30 12:15:00",275,0.475,0.314,0.323,0.417,0.334,0.341,0.392,0.358,0.386,0.395,0.377,0.351
"2022-10-30 12:30:00",276,0.475,0.314,0.323,0.416,0.334,0.341,0.392,0.358,0.387,0.395,0.377,0.351
"2022-10-30 12:45:00",277,0.475,0.314,0.323,0.416,0.334,0.341,0.391,0.358,0.386,0.395,0.376,0.351
"2022-10-30 13:00:00",278,0.474,0.314,0.323,0.416,0.334,0.341,0.392,0.358,0.386,0.395,0.376,0.351
"2022-10-30 13:15:00",279,0.474,0.314,0.323,0.416,0.334,0.341,0.392,0.358,0.386,0.394,0.376,0.351
"2022-10-30 13:30:00",280,0.474,0.314,0.323,0.416,0.334,0.341,0.392,0.358,0.387,0.394,0.376,0.351
"2022-10-30 13:45:00",281,0.474,0.314,0.323,0.416,0.334,0.341,0.392,0.358,0.386,0.394,0.376,0.351
"2022-10-30 14:00:00",282,0.474,0.314,0.323,0.416,0.334,0.341,0.391,0.358,0.386,0.394,0.376,0.35
"2022-10-30 14:15:00",283,0.474,0.314,0.323,0.416,0.334,0.341,0.392,0.358,0.386,0.394,0.376,0.351
"2022-10-30 14:30:00",284,0.474,0.314,0.323,0.416,0.333,0.341,0.391,0.357,0.386,0.394,0.376,0.351
"2022-10-30 14:45:00",285,0.474,0.314,0.323,0.416,0.333,0.341,0.391,0.358,0.386,0.394,0.376,0.35
"2022-10-30 15:00:00",286,0.474,0.314,0.322,0.416,0.333,0.341,0.391,0.358,0.386,0.394,0.376,0.351
"2022-10-30 15:15:00",287,0.474,0.314,0.322,0.416,0.333,0.341,0.391,0.357,0.386,0.394,0.376,0.35
"2022-10-30 15:30:00",288,0.474,0.313,0.322,0.416,0.333,0.341,0.391,0.358,0.386,0.394,0.376,0.351
"2022-10-30 15:45:00",289,0.474,0.313,0.322,0.416,0.333,0.341,0.391,0.358,0.386,0.394,0.376,0.35
"2022-10-30 16:00:00",290,0.473,0.313,0.322,0.416,0.333,0.341,0.391,0.357,0.386,0.394,0.376,0.35
"2022-10-30 16:15:00",291,0.474,0.313,0.322,0.416,0.333,0.341,0.391,0.358,0.386,0.394,0.375,0.35
"2022-10-30 16:30:00",292,0.473,0.313,0.322,0.416,0.333,0.341,0.391,0.357,0.386,0.393,0.376,0.35
"2022-10-30 16:45:00",293,0.473,0.313,0.322,0.416,0.333,0.341,0.391,0.357,0.386,0.394,0.375,0.35
"2022-10-30 17:00:00",294,0.473,0.313,0.322,0.416,0.333,0.341,0.391,0.358,0.386,0.394,0.376,0.35
"2022-10-30 17:30:00",295,0.473,0.313,0.322,0.415,0.333,0.341,0.391,0.357,0.386,0.393,0.376,0.35
"2022-10-31 08:15:00",296,0.471,0.312,0.321,0.414,0.333,0.34,0.39,0.357,0.386,0.392,0.374,0.348
"2022-10-31 08:30:00",297,0.471,0.312,0.321,0.414,0.333,0.34,0.389,0.357,0.386,0.392,0.374,0.348
"2022-10-31 08:45:00",298,0.471,0.312,0.321,0.414,0.333,0.34,0.389,0.358,0.385,0.391,0.374,0.348
"2022-10-31 09:00:00",299,0.471,0.312,0.321,0.414,0.333,0.34,0.39,0.357,0.386,0.392,0.374,0.349
"2022-10-31 09:15:00",300,0.471,0.312,0.321,0.414,0.333,0.34,0.39,0.357,0.385,0.391,0.374,0.348
"2022-10-31 09:30:00",301,0.471,0.312,0.321,0.414,0.333,0.34,0.39,0.358,0.385,0.392,0.374,0.349
"2022-10-31 09:45:00",302,0.471,0.312,0.321,0.414,0.332,0.34,0.39,0.357,0.385,0.392,0.374,0.349
"2022-10-31 10:00:00",303,0.471,0.312,0.321,0.414,0.332,0.34,0.389,0.357,0.385,0.392,0.374,0.348
"2022-10-31 10:15:00",304,0.471,0.312,0.321,0.414,0.332,0.34,0.39,0.357,0.386,0.392,0.374,0.348
"2022-10-31 10:30:00",305,0.471,0.312,0.321,0.414,0.332,0.34,0.389,0.357,0.386,0.392,0.373,0.348
"2022-10-31 10:45:00",306,0.471,0.312,0.321,0.414,0.332,0.34,0.39,0.357,0.385,0.392,0.374,0.348
"2022-10-31 11:00:00",307,0.471,0.312,0.321,0.414,0.332,0.34,0.39,0.357,0.385,0.392,0.374,0.348
"2022-10-31 11:15:00",308,0.471,0.312,0.321,0.414,0.332,0.34,0.389,0.357,0.385,0.392,0.374,0.348
"2022-10-31 11:30:00",309,0.471,0.312,0.321,0.414,0.332,0.34,0.389,0.357,0.385,0.392,0.374,0.348
"2022-10-31 11:45:00",310,0.471,0.312,0.321,0.414,0.332,0.34,0.389,0.357,0.386,0.392,0.374,0.348
"2022-10-31 12:00:00",311,0.471,0.312,0.321,0.414,0.332,0.34,0.39,0.357,0.386,0.392,0.373,0.348
"2022-10-31 12:15:00",312,0.471,0.312,0.321,0.414,0.332,0.34,0.39,0.357,0.385,0.392,0.373,0.348
"2022-10-31 12:30:00",313,0.471,0.312,0.321,0.414,0.332,0.34,0.39,0.357,0.385,0.392,0.373,0.348
"2022-10-31 12:45:00",314,0.471,0.311,0.321,0.414,0.332,0.34,0.39,0.357,0.386,0.392,0.374,0.348
"2022-10-31 13:00:00",315,0.471,0.311,0.321,0.414,0.332,0.34,0.389,0.357,0.386,0.391,0.373,0.348
"2022-10-31 13:15:00",316,0.471,0.312,0.321,0.414,0.332,0.34,0.389,0.357,0.385,0.392,0.374,0.348
"2022-10-31 13:30:00",317,0.471,0.311,0.321,0.414,0.332,0.34,0.389,0.357,0.385,0.392,0.373,0.348
"2022-10-31 13:45:00",318,0.471,0.311,0.321,0.413,0.332,0.34,0.389,0.357,0.385,0.391,0.374,0.348
"2022-10-31 14:00:00",319,0.47,0.311,0.321,0.414,0.332,0.339,0.389,0.357,0.385,0.392,0.373,0.348
"2022-10-31 14:15:00",320,0.47,0.311,0.321,0.413,0.332,0.339,0.389,0.357,0.385,0.391,0.374,0.348
"2022-10-31 14:30:00",321,0.47,0.311,0.321,0.413,0.332,0.339,0.389,0.357,0.385,0.391,0.374,0.348
"2022-10-31 14:45:00",322,0.47,0.311,0.321,0.413,0.332,0.339,0.389,0.357,0.385,0.392,0.373,0.348
"2022-10-31 15:00:00",323,0.47,0.311,0.321,0.413,0.332,0.339,0.389,0.357,0.385,0.391,0.373,0.348
"2022-10-31 15:15:00",324,0.47,0.311,0.321,0.413,0.332,0.339,0.389,0.357,0.385,0.391,0.373,0.347
"2022-10-31 15:30:00",325,0.47,0.311,0.321,0.413,0.333,0.339,0.389,0.356,0.385,0.391,0.373,0.347
"2022-10-31 15:45:00",326,0.47,0.311,0.321,0.413,0.333,0.339,0.389,0.356,0.385,0.391,0.373,0.347
"2022-10-31 16:00:00",327,0.47,0.311,0.32,0.413,0.333,0.339,0.389,0.356,0.385,0.391,0.373,0.347
"2022-10-31 16:15:00",328,0.47,0.311,0.32,0.413,0.333,0.339,0.389,0.357,0.385,0.391,0.374,0.347
"2022-10-31 16:30:00",329,0.47,0.311,0.32,0.413,0.333,0.339,0.389,0.357,0.385,0.391,0.374,0.348
"2022-10-31 16:45:00",330,0.47,0.31,0.32,0.413,0.332,0.339,0.389,0.358,0.385,0.391,0.373,0.347
"2022-10-31 17:00:00",331,0.469,0.31,0.32,0.413,0.333,0.339,0.389,0.356,0.385,0.39,0.373,0.347
"2022-10-31 17:15:00",332,0.469,0.31,0.32,0.413,0.332,0.339,0.389,0.356,0.385,0.39,0.373,0.347
"2022-10-31 17:30:00",333,0.469,0.31,0.32,0.413,0.332,0.339,0.389,0.356,0.384,0.39,0.373,0.347
"2022-10-31 17:45:00",334,0.469,0.31,0.32,0.413,0.332,0.339,0.388,0.356,0.384,0.39,0.373,0.347
"2022-11-01 08:15:00",335,0.468,0.309,0.319,0.412,0.332,0.339,0.387,0.356,0.384,0.389,0.372,0.347
"2022-11-01 08:30:00",336,0.468,0.309,0.32,0.412,0.332,0.339,0.387,0.356,0.384,0.389,0.372,0.346
"2022-11-01 08:45:00",337,0.468,0.309,0.32,0.412,0.331,0.339,0.388,0.356,0.385,0.389,0.372,0.347
"2022-11-01 09:00:00",338,0.468,0.309,0.32,0.412,0.331,0.339,0.388,0.356,0.384,0.389,0.371,0.347
"2022-11-01 09:15:00",339,0.468,0.309,0.32,0.412,0.331,0.339,0.388,0.356,0.385,0.389,0.371,0.346
"2022-11-01 09:30:00",340,0.468,0.309,0.32,0.412,0.331,0.339,0.387,0.356,0.384,0.389,0.372,0.346
"2022-11-01 09:45:00",341,0.468,0.309,0.32,0.412,0.331,0.339,0.387,0.356,0.384,0.389,0.372,0.347
"2022-11-01 10:00:00",342,0.468,0.309,0.32,0.412,0.33,0.339,0.388,0.356,0.384,0.389,0.372,0.346
"2022-11-01 10:15:00",343,0.468,0.309,0.32,0.412,0.33,0.339,0.388,0.356,0.385,0.389,0.371,0.346
"2022-11-01 10:30:00",344,0.468,0.309,0.32,0.412,0.33,0.339,0.388,0.356,0.384,0.389,0.371,0.347
"2022-11-01 10:45:00",345,0.468,0.309,0.32,0.412,0.331,0.339,0.388,0.356,0.384,0.389,0.372,0.346
"2022-11-01 11:00:00",346,0.468,0.309,0.32,0.412,0.331,0.339,0.387,0.356,0.384,0.39,0.371,0.346
"2022-11-01 11:15:00",347,0.468,0.309,0.32,0.412,0.331,0.339,0.388,0.356,0.384,0.389,0.372,0.346
"2022-11-01 11:30:00",348,0.468,0.309,0.32,0.412,0.331,0.339,0.387,0.356,0.384,0.389,0.372,0.346
"2022-11-01 11:45:00",349,0.468,0.309,0.319,0.412,0.331,0.339,0.388,0.356,0.384,0.389,0.372,0.346
"2022-11-01 12:00:00",350,0.468,0.309,0.32,0.412,0.331,0.339,0.388,0.356,0.384,0.389,0.372,0.346
"2022-11-01 12:15:00",351,0.468,0.309,0.319,0.412,0.331,0.339,0.388,0.356,0.384,0.389,0.371,0.346
"2022-11-01 12:30:00",352,0.468,0.309,0.319,0.412,0.331,0.339,0.388,0.356,0.384,0.389,0.372,0.346
"2022-11-01 12:45:00",353,0.468,0.309,0.319,0.412,0.332,0.339,0.388,0.355,0.384,0.389,0.372,0.346
"2022-11-01 13:00:00",354,0.468,0.309,0.319,0.412,0.332,0.339,0.388,0.356,0.384,0.389,0.371,0.346
"2022-11-01 13:15:00",355,0.468,0.309,0.319,0.412,0.332,0.339,0.388,0.356,0.384,0.389,0.371,0.345
"2022-11-01 13:30:00",356,0.467,0.309,0.319,0.412,0.332,0.338,0.387,0.356,0.384,0.389,0.371,0.346
"2022-11-01 13:45:00",357,0.467,0.309,0.319,0.412,0.332,0.339,0.387,0.356,0.385,0.389,0.371,0.346
"2022-11-01 14:00:00",358,0.467,0.309,0.319,0.411,0.332,0.338,0.387,0.356,0.384,0.389,0.371,0.346
"2022-11-01 14:15:00",359,0.467,0.309,0.319,0.411,0.332,0.338,0.387,0.356,0.384,0.388,0.371,0.346
"2022-11-01 14:30:00",360,0.467,0.308,0.319,0.411,0.332,0.338,0.387,0.355,0.384,0.388,0.371,0.346
"2022-11-01 14:45:00",361,0.467,0.308,0.319,0.411,0.332,0.338,0.387,0.355,0.384,0.388,0.372,0.346
"2022-11-01 15:00:00",362,0.467,0.308,0.319,0.411,0.332,0.338,0.387,0.355,0.384,0.388,0.371,0.345
"2022-11-01 15:15:00",363,0.467,0.308,0.319,0.411,0.332,0.338,0.387,0.355,0.384,0.388,0.371,0.346
"2022-11-01 15:30:00",364,0.467,0.308,0.319,0.411,0.332,0.338,0.387,0.355,0.384,0.388,0.371,0.346
"2022-11-01 15:45:00",365,0.467,0.308,0.319,0.411,0.332,0.338,0.387,0.355,0.384,0.389,0.371,0.345
"2022-11-01 16:00:00",366,0.466,0.308,0.319,0.411,0.332,0.338,0.387,0.355,0.384,0.388,0.371,0.345
"2022-11-01 16:15:00",367,0.466,0.308,0.319,0.411,0.332,0.338,0.386,0.355,0.384,0.388,0.371,0.346
"2022-11-01 16:30:00",368,0.466,0.308,0.319,0.411,0.332,0.338,0.387,0.355,0.384,0.388,0.371,0.345
"2022-11-01 16:45:00",369,0.466,0.308,0.319,0.411,0.332,0.338,0.386,0.355,0.384,0.388,0.371,0.345
"2022-11-01 17:00:00",370,0.466,0.308,0.319,0.411,0.332,0.338,0.387,0.355,0.384,0.388,0.371,0.345
"2022-11-01 17:15:00",371,0.466,0.307,0.319,0.411,0.332,0.338,0.386,0.356,0.383,0.388,0.371,0.345
"2022-11-01 17:30:00",372,0.466,0.307,0.319,0.411,0.332,0.338,0.386,0.355,0.383,0.388,0.371,0.345
"2022-11-01 17:45:00",373,0.466,0.307,0.319,0.41,0.332,0.338,0.386,0.354,0.384,0.388,0.371,0.345
"2022-11-01 18:00:00",374,0.465,0.307,0.319,0.41,0.331,0.338,0.386,0.355,0.384,0.388,0.371,0.345
"2022-11-02 08:15:00",375,0.466,0.306,0.318,0.409,0.33,0.337,0.385,0.354,0.383,0.386,0.37,0.345
"2022-11-02 08:30:00",376,0.466,0.306,0.318,0.41,0.33,0.337,0.386,0.354,0.383,0.386,0.369,0.345
"2022-11-02 08:45:00",377,0.466,0.306,0.318,0.41,0.33,0.337,0.385,0.354,0.383,0.387,0.37,0.345
"2022-11-02 09:00:00",378,0.465,0.306,0.318,0.41,0.33,0.337,0.385,0.354,0.383,0.386,0.37,0.344
"2022-11-02 09:15:00",379,0.465,0.306,0.318,0.41,0.329,0.337,0.385,0.354,0.383,0.387,0.369,0.344
"2022-11-02 09:30:00",380,0.465,0.306,0.318,0.41,0.329,0.337,0.385,0.354,0.383,0.386,0.369,0.344
"2022-11-02 09:45:00",381,0.465,0.306,0.318,0.41,0.329,0.337,0.385,0.354,0.383,0.387,0.369,0.344
"2022-11-02 10:00:00",382,0.465,0.306,0.318,0.41,0.329,0.337,0.385,0.354,0.383,0.387,0.369,0.344
"2022-11-02 10:15:00",383,0.465,0.306,0.318,0.409,0.329,0.337,0.385,0.354,0.384,0.387,0.369,0.344
"2022-11-02 10:30:00",384,0.465,0.306,0.318,0.41,0.329,0.337,0.385,0.354,0.383,0.387,0.37,0.344
"2022-11-02 10:45:00",385,0.465,0.306,0.318,0.409,0.329,0.337,0.385,0.355,0.383,0.387,0.37,0.344
"2022-11-02 11:00:00",386,0.465,0.306,0.318,0.409,0.329,0.337,0.385,0.354,0.383,0.387,0.369,0.344
"2022-11-02 11:15:00",387,0.465,0.306,0.318,0.409,0.329,0.337,0.386,0.355,0.383,0.386,0.37,0.344
"2022-11-02 11:30:00",388,0.465,0.306,0.318,0.409,0.329,0.337,0.386,0.354,0.383,0.386,0.369,0.344
"2022-11-02 11:45:00",389,0.465,0.305,0.318,0.409,0.329,0.337,0.385,0.354,0.383,0.386,0.37,0.344
"2022-11-02 12:00:00",390,0.464,0.305,0.318,0.409,0.329,0.337,0.386,0.354,0.383,0.387,0.369,0.344
"2022-11-02 12:15:00",391,0.464,0.305,0.318,0.409,0.329,0.337,0.385,0.354,0.383,0.386,0.369,0.344
"2022-11-02 12:30:00",392,0.464,0.305,0.318,0.409,0.329,0.337,0.385,0.355,0.383,0.386,0.369,0.344
"2022-11-02 12:45:00",393,0.464,0.305,0.318,0.409,0.329,0.337,0.385,0.353,0.383,0.386,0.369,0.344
"2022-11-02 13:00:00",394,0.464,0.305,0.317,0.409,0.329,0.336,0.385,0.354,0.383,0.386,0.369,0.344
"2022-11-02 13:15:00",395,0.464,0.305,0.317,0.409,0.329,0.336,0.385,0.353,0.383,0.387,0.369,0.344
"2022-11-02 13:30:00",396,0.464,0.305,0.317,0.409,0.329,0.337,0.385,0.353,0.383,0.386,0.369,0.344
"2022-11-02 13:45:00",397,0.464,0.305,0.317,0.409,0.329,0.336,0.385,0.354,0.383,0.386,0.369,0.344
"2022-11-02 14:00:00",398,0.464,0.305,0.317,0.409,0.329,0.336,0.385,0.354,0.383,0.386,0.369,0.344
"2022-11-02 14:15:00",399,0.464,0.305,0.317,0.409,0.329,0.336,0.385,0.353,0.382,0.386,0.369,0.344
"2022-11-02 14:30:00",400,0.469,0.305,0.317,0.409,0.329,0.336,0.385,0.353,0.382,0.386,0.369,0.343
"2022-11-02 14:45:00",401,0.474,0.305,0.317,0.409,0.329,0.336,0.384,0.354,0.383,0.386,0.369,0.343
"2022-11-02 15:00:00",402,0.479,0.305,0.318,0.409,0.329,0.336,0.385,0.354,0.383,0.386,0.369,0.344
"2022-11-02 15:15:00",403,0.483,0.306,0.322,0.409,0.329,0.336,0.384,0.353,0.383,0.386,0.369,0.343
"2022-11-02 15:30:00",404,0.486,0.307,0.335,0.409,0.329,0.336,0.384,0.353,0.383,0.386,0.369,0.344
"2022-11-02 15:45:00",405,0.489,0.309,0.346,0.409,0.329,0.336,0.384,0.353,0.382,0.386,0.369,0.343
"2022-11-02 16:00:00",406,0.491,0.31,0.357,0.409,0.329,0.336,0.384,0.353,0.383,0.386,0.369,0.344
"2022-11-02 16:15:00",407,0.489,0.313,0.337,0.409,0.329,0.336,0.384,0.353,0.382,0.385,0.369,0.343
"2022-11-02 16:30:00",408,0.487,0.313,0.33,0.41,0.329,0.336,0.385,0.353,0.382,0.386,0.368,0.343
"2022-11-02 16:45:00",409,0.486,0.313,0.329,0.41,0.33,0.336,0.385,0.353,0.383,0.386,0.369,0.343
"2022-11-02 17:00:00",410,0.484,0.313,0.328,0.41,0.33,0.336,0.384,0.353,0.382,0.385,0.368,0.343
"2022-11-02 17:15:00",411,0.484,0.313,0.327,0.41,0.33,0.336,0.384,0.353,0.383,0.386,0.369,0.343
"2022-11-02 17:30:00",412,0.483,0.313,0.326,0.41,0.33,0.336,0.384,0.353,0.383,0.385,0.368,0.343
"2022-11-02 17:45:00",413,0.482,0.313,0.326,0.41,0.33,0.336,0.384,0.353,0.382,0.386,0.368,0.343
"2022-11-02 18:00:00",414,0.482,0.313,0.326,0.41,0.33,0.336,0.384,0.353,0.382,0.385,0.369,0.343
"2022-11-02 18:15:00",415,0.472,0.311,0.321,0.411,0.33,0.336,0.385,0.353,0.382,0.386,0.368,0.343
"2022-11-03 08:15:00",416,0.475,0.311,0.322,0.411,0.33,0.337,0.384,0.353,0.383,0.386,0.369,0.343
"2022-11-03 08:30:00",417,0.476,0.311,0.322,0.411,0.33,0.337,0.385,0.353,0.383,0.386,0.369,0.344
"2022-11-03 08:45:00",418,0.476,0.311,0.322,0.411,0.33,0.337,0.385,0.353,0.383,0.385,0.369,0.344
"2022-11-03 09:00:00",419,0.477,0.311,0.322,0.412,0.33,0.337,0.385,0.353,0.382,0.385,0.369,0.343
"2022-11-03 09:15:00",420,0.477,0.311,0.322,0.412,0.33,0.337,0.385,0.354,0.382,0.386,0.369,0.344
"2022-11-03 09:30:00",421,0.476,0.311,0.322,0.411,0.33,0.337,0.385,0.353,0.382,0.385,0.369,0.344
"2022-11-03 09:45:00",422,0.475,0.311,0.321,0.412,0.33,0.337,0.385,0.354,0.383,0.386,0.369,0.343
"2022-11-03 10:00:00",423,0.475,0.311,0.321,0.411,0.33,0.337,0.385,0.353,0.382,0.386,0.369,0.343
"2022-11-03 10:15:00",424,0.475,0.311,0.321,0.411,0.33,0.337,0.385,0.353,0.383,0.386,0.368,0.344
"2022-11-03 10:30:00",425,0.475,0.311,0.321,0.411,0.33,0.337,0.385,0.353,0.383,0.386,0.369,0.344
"2022-11-03 10:45:00",426,0.475,0.311,0.321,0.411,0.33,0.337,0.385,0.353,0.383,0.386,0.369,0.344
"2022-11-03 11:00:00",427,0.475,0.311,0.321,0.411,0.33,0.337,0.385,0.354,0.382,0.385,0.369,0.344
"2022-11-03 11:15:00",428,0.474,0.311,0.321,0.411,0.33,0.337,0.385,0.353,0.383,0.386,0.369,0.344
"2022-11-03 11:30:00",429,0.474,0.311,0.321,0.411,0.33,0.337,0.385,0.354,0.382,0.386,0.369,0.344
"2022-11-03 11:45:00",430,0.474,0.311,0.321,0.411,0.33,0.337,0.385,0.353,0.383,0.386,0.369,0.344
"2022-11-03 12:00:00",431,0.474,0.311,0.321,0.411,0.33,0.337,0.385,0.354,0.383,0.385,0.368,0.343
"2022-11-03 12:15:00",432,0.474,0.311,0.321,0.411,0.33,0.337,0.385,0.353,0.382,0.385,0.369,0.343
"2022-11-03 12:30:00",433,0.474,0.311,0.321,0.411,0.33,0.337,0.385,0.353,0.383,0.386,0.369,0.343
"2022-11-03 12:45:00",434,0.473,0.311,0.321,0.411,0.329,0.337,0.385,0.353,0.382,0.386,0.368,0.343
"2022-11-03 13:00:00",435,0.473,0.31,0.321,0.411,0.33,0.337,0.384,0.353,0.382,0.385,0.369,0.343
"2022-11-03 13:15:00",436,0.473,0.31,0.321,0.411,0.329,0.337,0.385,0.353,0.382,0.386,0.368,0.344
"2022-11-03 13:30:00",437,0.473,0.31,0.321,0.411,0.329,0.337,0.385,0.353,0.382,0.385,0.369,0.343
"2022-11-03 13:45:00",438,0.473,0.31,0.321,0.411,0.329,0.337,0.385,0.353,0.382,0.385,0.368,0.343
"2022-11-03 14:00:00",439,0.473,0.31,0.321,0.411,0.329,0.337,0.385,0.354,0.383,0.385,0.369,0.343
"2022-11-03 14:15:00",440,0.472,0.31,0.321,0.411,0.329,0.337,0.384,0.353,0.383,0.385,0.369,0.343
"2022-11-03 14:30:00",441,0.472,0.31,0.321,0.411,0.329,0.337,0.385,0.353,0.382,0.385,0.369,0.343
"2022-11-03 14:45:00",442,0.472,0.31,0.321,0.411,0.329,0.337,0.385,0.353,0.382,0.385,0.368,0.343
"2022-11-03 15:00:00",443,0.472,0.31,0.321,0.411,0.329,0.337,0.385,0.353,0.382,0.385,0.369,0.343
"2022-11-03 15:15:00",444,0.472,0.31,0.32,0.411,0.329,0.337,0.385,0.353,0.382,0.385,0.368,0.343
"2022-11-03 15:30:00",445,0.472,0.309,0.32,0.411,0.329,0.337,0.384,0.353,0.382,0.385,0.369,0.343
"2022-11-03 15:45:00",446,0.472,0.309,0.32,0.411,0.329,0.337,0.384,0.353,0.382,0.385,0.368,0.343
"2022-11-03 16:00:00",447,0.472,0.309,0.32,0.411,0.329,0.337,0.384,0.353,0.382,0.385,0.368,0.343
"2022-11-03 16:15:00",448,0.471,0.309,0.32,0.41,0.329,0.337,0.384,0.353,0.382,0.385,0.369,0.343
"2022-11-03 16:30:00",449,0.471,0.309,0.32,0.41,0.329,0.337,0.384,0.352,0.382,0.385,0.368,0.343
"2022-11-03 16:45:00",450,0.471,0.309,0.32,0.41,0.329,0.337,0.384,0.352,0.382,0.385,0.368,0.342
"2022-11-03 17:00:00",451,0.471,0.309,0.32,0.41,0.329,0.337,0.384,0.352,0.382,0.385,0.368,0.342
"2022-11-03 17:15:00",452,0.471,0.309,0.32,0.41,0.329,0.337,0.384,0.352,0.382,0.384,0.368,0.343
"2022-11-03 17:30:00",453,0.471,0.309,0.32,0.41,0.329,0.337,0.384,0.352,0.382,0.385,0.368,0.343
"2022-11-03 17:45:00",454,0.471,0.308,0.32,0.41,0.329,0.337,0.384,0.352,0.381,0.385,0.368,0.342
"2022-11-04 09:30:00",455,0.468,0.307,0.318,0.409,0.329,0.336,0.384,0.353,0.382,0.384,0.367,0.342
"2022-11-04 10:00:00",456,0.47,0.307,0.318,0.409,0.329,0.336,0.384,0.353,0.382,0.384,0.367,0.342
"2022-11-04 10:15:00",457,0.47,0.307,0.318,0.409,0.329,0.336,0.384,0.352,0.382,0.384,0.367,0.342
"2022-11-04 10:30:00",458,0.472,0.307,0.318,0.409,0.329,0.336,0.384,0.352,0.382,0.384,0.367,0.342
"2022-11-04 10:45:00",459,0.476,0.307,0.318,0.409,0.329,0.336,0.385,0.352,0.382,0.384,0.367,0.342
"2022-11-04 11:00:00",460,0.481,0.307,0.319,0.409,0.329,0.336,0.384,0.352,0.382,0.384,0.367,0.343
"2022-11-04 11:15:00",461,0.484,0.308,0.32,0.409,0.329,0.336,0.384,0.352,0.381,0.384,0.367,0.342
"2022-11-04 11:30:00",462,0.483,0.309,0.32,0.409,0.329,0.336,0.384,0.352,0.382,0.385,0.368,0.342
"2022-11-04 11:45:00",463,0.482,0.31,0.32,0.409,0.329,0.336,0.384,0.353,0.382,0.384,0.367,0.342
"2022-11-04 12:00:00",464,0.481,0.31,0.32,0.41,0.329,0.336,0.384,0.352,0.382,0.384,0.367,0.342
"2022-11-04 12:15:00",465,0.48,0.31,0.32,0.41,0.329,0.336,0.384,0.352,0.382,0.384,0.367,0.342
"2022-11-04 12:30:00",466,0.48,0.31,0.32,0.41,0.329,0.336,0.384,0.352,0.382,0.384,0.367,0.342
"2022-11-04 12:45:00",467,0.479,0.31,0.32,0.41,0.329,0.336,0.384,0.352,0.382,0.384,0.367,0.342
"2022-11-04 13:00:00",468,0.479,0.31,0.32,0.41,0.329,0.336,0.384,0.352,0.381,0.385,0.367,0.342
"2022-11-04 13:15:00",469,0.479,0.311,0.32,0.41,0.329,0.336,0.384,0.352,0.382,0.384,0.367,0.342
"2022-11-04 13:30:00",470,0.478,0.311,0.32,0.41,0.329,0.336,0.384,0.352,0.382,0.384,0.367,0.342
"2022-11-04 13:45:00",471,0.478,0.311,0.32,0.41,0.329,0.336,0.385,0.353,0.382,0.384,0.367,0.342
"2022-11-04 14:00:00",472,0.478,0.311,0.32,0.41,0.329,0.336,0.384,0.352,0.382,0.384,0.367,0.342
"2022-11-04 14:15:00",473,0.477,0.311,0.32,0.41,0.329,0.336,0.384,0.352,0.382,0.384,0.367,0.343
"2022-11-04 14:30:00",474,0.477,0.31,0.32,0.41,0.329,0.336,0.384,0.352,0.382,0.385,0.367,0.342
"2022-11-04 14:45:00",475,0.477,0.311,0.32,0.41,0.329,0.336,0.384,0.352,0.382,0.384,0.367,0.342
"2022-11-04 15:00:00",476,0.476,0.31,0.32,0.41,0.329,0.336,0.384,0.352,0.381,0.384,0.367,0.342
"2022-11-04 15:15:00",477,0.476,0.31,0.32,0.41,0.329,0.336,0.384,0.352,0.381,0.384,0.367,0.342
"2022-11-04 15:30:00",478,0.476,0.31,0.32,0.41,0.329,0.336,0.384,0.352,0.382,0.384,0.367,0.342
"2022-11-04 15:45:00",479,0.476,0.31,0.32,0.41,0.329,0.336,0.384,0.352,0.381,0.384,0.367,0.342
"2022-11-04 16:00:00",480,0.476,0.31,0.32,0.41,0.329,0.336,0.385,0.352,0.381,0.384,0.367,0.342
"2022-11-04 16:15:00",481,0.475,0.31,0.32,0.41,0.329,0.336,0.384,0.352,0.382,0.384,0.367,0.342
"2022-11-04 16:30:00",482,0.475,0.31,0.32,0.41,0.329,0.336,0.384,0.353,0.382,0.385,0.367,0.342
"2022-11-04 16:45:00",483,0.475,0.31,0.32,0.41,0.329,0.336,0.384,0.352,0.382,0.384,0.367,0.342
"2022-11-04 17:00:00",484,0.475,0.31,0.32,0.41,0.329,0.336,0.384,0.352,0.382,0.384,0.367,0.342
"2022-11-04 17:30:00",485,0.475,0.31,0.32,0.41,0.329,0.336,0.384,0.353,0.381,0.384,0.367,0.342
"2022-11-04 17:45:00",486,0.475,0.31,0.32,0.41,0.329,0.336,0.384,0.352,0.381,0.384,0.367,0.342
"2022-11-04 18:30:00",487,0.474,0.31,0.32,0.41,0.329,0.336,0.383,0.353,0.381,0.384,0.367,0.342
"2022-11-05 09:45:00",488,0.472,0.308,0.319,0.41,0.329,0.337,0.385,0.352,0.382,0.384,0.367,0.341
"2022-11-05 10:00:00",489,0.473,0.308,0.319,0.41,0.329,0.337,0.385,0.353,0.381,0.384,0.367,0.341
"2022-11-05 10:15:00",490,0.472,0.308,0.319,0.41,0.329,0.337,0.385,0.353,0.381,0.384,0.367,0.341
"2022-11-05 10:30:00",491,0.472,0.308,0.319,0.41,0.329,0.337,0.384,0.353,0.381,0.384,0.367,0.341
"2022-11-05 10:45:00",492,0.472,0.308,0.319,0.41,0.329,0.337,0.384,0.352,0.381,0.384,0.367,0.341
"2022-11-05 11:00:00",493,0.471,0.308,0.319,0.41,0.329,0.337,0.384,0.353,0.382,0.384,0.367,0.341
"2022-11-05 11:15:00",494,0.471,0.308,0.319,0.41,0.329,0.337,0.385,0.352,0.382,0.384,0.367,0.341
"2022-11-05 11:30:00",495,0.471,0.308,0.319,0.41,0.329,0.336,0.384,0.352,0.381,0.384,0.367,0.341
"2022-11-05 11:45:00",496,0.471,0.308,0.319,0.41,0.329,0.336,0.385,0.352,0.382,0.384,0.367,0.341
"2022-11-05 12:00:00",497,0.47,0.308,0.319,0.41,0.329,0.336,0.385,0.353,0.381,0.384,0.367,0.341
"2022-11-05 12:15:00",498,0.47,0.308,0.319,0.41,0.329,0.336,0.385,0.352,0.382,0.384,0.367,0.341
"2022-11-05 12:30:00",499,0.47,0.308,0.319,0.41,0.329,0.336,0.384,0.352,0.381,0.384,0.367,0.341
"2022-11-05 12:45:00",500,0.47,0.308,0.319,0.41,0.329,0.336,0.384,0.353,0.382,0.384,0.367,0.341
"2022-11-05 13:00:00",501,0.47,0.308,0.319,0.41,0.329,0.336,0.384,0.352,0.381,0.384,0.367,0.342
"2022-11-05 13:15:00",502,0.47,0.308,0.319,0.41,0.329,0.336,0.385,0.353,0.382,0.384,0.367,0.341
"2022-11-05 13:30:00",503,0.47,0.308,0.319,0.41,0.329,0.336,0.384,0.352,0.381,0.384,0.367,0.341
"2022-11-05 13:45:00",504,0.47,0.308,0.319,0.409,0.329,0.336,0.384,0.352,0.381,0.384,0.367,0.341
"2022-11-05 14:00:00",505,0.47,0.308,0.319,0.409,0.329,0.336,0.384,0.352,0.381,0.384,0.367,0.341
"2022-11-05 14:15:00",506,0.469,0.308,0.319,0.409,0.329,0.336,0.384,0.352,0.382,0.385,0.367,0.341
"2022-11-05 14:30:00",507,0.469,0.307,0.319,0.409,0.329,0.336,0.384,0.352,0.381,0.384,0.367,0.342
"2022-11-05 14:45:00",508,0.469,0.307,0.318,0.409,0.329,0.336,0.384,0.352,0.382,0.384,0.367,0.341
"2022-11-05 15:00:00",509,0.469,0.307,0.318,0.409,0.329,0.336,0.385,0.353,0.382,0.384,0.367,0.341
"2022-11-05 15:15:00",510,0.469,0.307,0.318,0.409,0.329,0.336,0.384,0.352,0.382,0.384,0.366,0.341
"2022-11-05 15:30:00",511,0.469,0.307,0.318,0.409,0.329,0.336,0.384,0.352,0.381,0.384,0.367,0.341
"2022-11-05 15:45:00",512,0.469,0.307,0.318,0.409,0.328,0.336,0.384,0.352,0.382,0.384,0.367,0.341
"2022-11-05 16:00:00",513,0.469,0.307,0.318,0.409,0.329,0.336,0.384,0.352,0.382,0.384,0.367,0.341
"2022-11-05 16:15:00",514,0.469,0.307,0.318,0.409,0.329,0.336,0.384,0.352,0.382,0.383,0.366,0.341
"2022-11-05 16:30:00",515,0.469,0.307,0.318,0.409,0.328,0.336,0.384,0.352,0.381,0.384,0.366,0.341
"2022-11-05 16:45:00",516,0.468,0.307,0.318,0.409,0.328,0.336,0.384,0.352,0.382,0.384,0.367,0.341
"2022-11-05 17:00:00",517,0.468,0.307,0.318,0.409,0.328,0.336,0.384,0.352,0.382,0.384,0.366,0.341
"2022-11-05 17:15:00",518,0.468,0.307,0.318,0.409,0.328,0.336,0.384,0.352,0.381,0.384,0.366,0.341
"2022-11-05 17:30:00",519,0.468,0.307,0.318,0.409,0.328,0.336,0.384,0.352,0.381,0.383,0.367,0.341
"2022-11-05 17:45:00",520,0.468,0.307,0.318,0.409,0.328,0.336,0.384,0.352,0.382,0.383,0.367,0.341
"2022-11-05 18:00:00",521,0.468,0.307,0.318,0.409,0.328,0.336,0.383,0.353,0.382,0.384,0.366,0.341
"2022-11-05 18:15:00",522,0.468,0.307,0.318,0.409,0.328,0.336,0.384,0.352,0.381,0.383,0.367,0.341
"2022-11-06 08:00:00",523,0.467,0.306,0.317,0.408,0.329,0.336,0.384,0.352,0.381,0.384,0.366,0.341
"2022-11-06 08:45:00",524,0.469,0.306,0.318,0.409,0.329,0.337,0.384,0.353,0.382,0.384,0.367,0.341
"2022-11-06 09:00:00",525,0.469,0.306,0.318,0.409,0.329,0.337,0.384,0.353,0.382,0.384,0.367,0.341
"2022-11-06 09:15:00",526,0.468,0.306,0.318,0.409,0.329,0.336,0.384,0.352,0.381,0.384,0.367,0.341
"2022-11-06 09:45:00",527,0.468,0.306,0.318,0.409,0.329,0.336,0.384,0.352,0.381,0.384,0.367,0.341
"2022-11-06 10:00:00",528,0.468,0.306,0.318,0.409,0.329,0.336,0.384,0.352,0.381,0.384,0.367,0.341
"2022-11-06 10:15:00",529,0.468,0.306,0.318,0.409,0.329,0.336,0.384,0.353,0.382,0.384,0.366,0.341
"2022-11-06 10:30:00",530,0.468,0.306,0.318,0.409,0.329,0.336,0.384,0.353,0.381,0.384,0.366,0.341
"2022-11-06 10:45:00",531,0.467,0.306,0.318,0.409,0.329,0.336,0.384,0.352,0.381,0.384,0.366,0.341
"2022-11-06 11:00:00",532,0.468,0.306,0.318,0.409,0.329,0.336,0.385,0.353,0.381,0.384,0.366,0.341
"2022-11-06 11:15:00",533,0.467,0.306,0.318,0.409,0.329,0.336,0.384,0.353,0.381,0.384,0.366,0.341
"2022-11-06 11:30:00",534,0.467,0.306,0.318,0.409,0.329,0.336,0.384,0.353,0.381,0.384,0.366,0.341
"2022-11-06 11:45:00",535,0.467,0.306,0.318,0.409,0.329,0.336,0.384,0.352,0.381,0.384,0.367,0.341
"2022-11-06 12:00:00",536,0.467,0.306,0.318,0.409,0.329,0.336,0.384,0.352,0.381,0.383,0.366,0.341
"2022-11-06 12:15:00",537,0.467,0.306,0.318,0.409,0.328,0.336,0.384,0.353,0.381,0.384,0.366,0.341
"2022-11-06 12:30:00",538,0.467,0.306,0.318,0.409,0.328,0.336,0.384,0.352,0.382,0.383,0.366,0.341
"2022-11-06 12:45:00",539,0.467,0.306,0.318,0.409,0.328,0.336,0.384,0.353,0.381,0.384,0.366,0.341
"2022-11-06 13:00:00",540,0.467,0.306,0.318,0.409,0.328,0.336,0.384,0.353,0.382,0.383,0.366,0.34
"2022-11-06 13:15:00",541,0.467,0.306,0.318,0.409,0.328,0.336,0.384,0.352,0.381,0.383,0.366,0.341
"2022-11-06 13:30:00",542,0.467,0.306,0.318,0.409,0.328,0.336,0.384,0.352,0.381,0.384,0.366,0.341
"2022-11-06 13:45:00",543,0.467,0.306,0.318,0.409,0.328,0.336,0.384,0.352,0.381,0.384,0.366,0.341
"2022-11-06 14:00:00",544,0.467,0.306,0.318,0.409,0.328,0.336,0.384,0.352,0.381,0.384,0.366,0.341
"2022-11-06 14:15:00",545,0.467,0.306,0.318,0.409,0.328,0.336,0.384,0.352,0.381,0.384,0.366,0.341
"2022-11-06 14:30:00",546,0.467,0.306,0.318,0.409,0.328,0.336,0.385,0.352,0.382,0.384,0.366,0.34
"2022-11-06 14:45:00",547,0.467,0.306,0.318,0.409,0.328,0.336,0.384,0.353,0.381,0.384,0.366,0.34
"2022-11-06 15:00:00",548,0.467,0.306,0.318,0.409,0.328,0.336,0.384,0.352,0.381,0.383,0.366,0.341
"2022-11-06 15:15:00",549,0.467,0.305,0.318,0.409,0.328,0.336,0.384,0.353,0.381,0.383,0.366,0.341
"2022-11-06 15:30:00",550,0.466,0.305,0.317,0.409,0.328,0.336,0.384,0.352,0.381,0.383,0.366,0.341
"2022-11-06 15:45:00",551,0.466,0.305,0.317,0.409,0.328,0.336,0.384,0.352,0.381,0.383,0.366,0.341
"2022-11-06 16:00:00",552,0.466,0.305,0.317,0.409,0.328,0.336,0.384,0.352,0.382,0.383,0.366,0.341
"2022-11-06 16:15:00",553,0.466,0.305,0.317,0.409,0.328,0.336,0.384,0.352,0.381,0.383,0.366,0.34
"2022-11-06 16:30:00",554,0.466,0.305,0.317,0.409,0.328,0.336,0.384,0.352,0.381,0.383,0.366,0.341
"2022-11-06 17:00:00",555,0.465,0.305,0.317,0.408,0.328,0.335,0.384,0.352,0.38,0.384,0.366,0.341
"2022-11-06 18:00:00",556,0.466,0.305,0.317,0.408,0.328,0.335,0.384,0.352,0.381,0.383,0.365,0.341
"2022-11-06 18:15:00",557,0.465,0.305,0.317,0.408,0.328,0.334,0.383,0.352,0.381,0.383,0.365,0.34
"2022-11-06 18:30:00",558,0.465,0.305,0.317,0.408,0.328,0.335,0.384,0.352,0.381,0.383,0.366,0.34
"2022-11-07 08:00:00",559,0.464,0.304,0.316,0.407,0.327,0.334,0.384,0.352,0.379,0.383,0.366,0.34
"2022-11-07 08:45:00",560,0.467,0.304,0.316,0.408,0.328,0.335,0.384,0.352,0.38,0.383,0.365,0.34
"2022-11-07 09:00:00",561,0.467,0.304,0.316,0.408,0.328,0.335,0.383,0.353,0.381,0.383,0.365,0.34
"2022-11-07 09:15:00",562,0.467,0.304,0.316,0.408,0.328,0.336,0.384,0.352,0.38,0.383,0.365,0.341
"2022-11-07 09:30:00",563,0.467,0.304,0.316,0.408,0.328,0.336,0.384,0.352,0.381,0.383,0.365,0.341
"2022-11-07 09:45:00",564,0.466,0.304,0.316,0.408,0.328,0.336,0.384,0.352,0.381,0.383,0.366,0.34
"2022-11-07 10:00:00",565,0.466,0.304,0.316,0.408,0.328,0.335,0.384,0.352,0.381,0.383,0.365,0.34
"2022-11-07 10:15:00",566,0.466,0.304,0.316,0.408,0.328,0.335,0.384,0.352,0.381,0.383,0.365,0.34
"2022-11-07 10:30:00",567,0.465,0.304,0.316,0.408,0.328,0.335,0.383,0.352,0.381,0.383,0.366,0.341
"2022-11-07 10:45:00",568,0.465,0.304,0.316,0.408,0.328,0.335,0.384,0.352,0.381,0.383,0.366,0.341
"2022-11-07 11:00:00",569,0.465,0.304,0.316,0.408,0.328,0.335,0.384,0.352,0.381,0.384,0.365,0.34
"2022-11-07 11:15:00",570,0.465,0.304,0.316,0.408,0.328,0.335,0.384,0.352,0.381,0.383,0.365,0.34
"2022-11-07 11:30:00",571,0.465,0.304,0.316,0.408,0.327,0.335,0.384,0.352,0.38,0.383,0.365,0.34
"2022-11-07 11:45:00",572,0.465,0.304,0.316,0.408,0.327,0.335,0.384,0.352,0.381,0.383,0.366,0.34
"2022-11-07 12:00:00",573,0.465,0.304,0.316,0.408,0.327,0.335,0.384,0.352,0.381,0.383,0.365,0.34
"2022-11-07 12:15:00",574,0.465,0.304,0.316,0.408,0.327,0.335,0.383,0.352,0.38,0.383,0.366,0.34
"2022-11-07 12:30:00",575,0.465,0.304,0.316,0.408,0.327,0.335,0.384,0.352,0.381,0.383,0.366,0.34
"2022-11-07 12:45:00",576,0.465,0.304,0.316,0.408,0.327,0.335,0.384,0.352,0.381,0.383,0.365,0.34
"2022-11-07 13:00:00",577,0.465,0.304,0.316,0.408,0.327,0.335,0.384,0.352,0.381,0.383,0.366,0.34
"2022-11-07 13:15:00",578,0.464,0.304,0.316,0.408,0.327,0.335,0.384,0.352,0.38,0.383,0.365,0.34
"2022-11-07 13:30:00",579,0.464,0.304,0.316,0.408,0.327,0.335,0.384,0.352,0.381,0.383,0.365,0.34
"2022-11-07 13:45:00",580,0.464,0.304,0.316,0.408,0.327,0.335,0.384,0.352,0.38,0.383,0.365,0.34
"2022-11-07 14:00:00",581,0.464,0.304,0.316,0.408,0.327,0.335,0.383,0.352,0.381,0.383,0.365,0.34
"2022-11-07 14:15:00",582,0.464,0.304,0.316,0.408,0.327,0.334,0.384,0.352,0.38,0.383,0.365,0.34
"2022-11-07 14:30:00",583,0.464,0.304,0.316,0.408,0.327,0.334,0.383,0.351,0.381,0.383,0.365,0.34
"2022-11-07 14:45:00",584,0.464,0.303,0.316,0.408,0.327,0.334,0.384,0.352,0.381,0.383,0.365,0.34
"2022-11-07 15:00:00",585,0.464,0.303,0.316,0.408,0.327,0.334,0.384,0.351,0.381,0.383,0.365,0.34
"2022-11-07 15:15:00",586,0.463,0.303,0.316,0.407,0.326,0.334,0.383,0.351,0.379,0.383,0.365,0.34
"2022-11-07 15:30:00",587,0.463,0.303,0.316,0.407,0.326,0.334,0.383,0.351,0.38,0.382,0.365,0.34
"2022-11-07 15:45:00",588,0.463,0.303,0.316,0.407,0.326,0.334,0.383,0.352,0.38,0.382,0.365,0.34
"2022-11-07 16:00:00",589,0.463,0.303,0.316,0.407,0.326,0.334,0.383,0.351,0.379,0.383,0.365,0.339
"2022-11-07 16:30:00",590,0.464,0.303,0.316,0.408,0.327,0.334,0.383,0.351,0.38,0.383,0.365,0.34
"2022-11-07 16:45:00",591,0.464,0.303,0.316,0.408,0.327,0.334,0.383,0.351,0.38,0.382,0.365,0.34
"2022-11-07 17:00:00",592,0.463,0.303,0.316,0.407,0.326,0.334,0.383,0.351,0.381,0.383,0.365,0.34
"2022-11-07 17:15:00",593,0.463,0.302,0.316,0.407,0.326,0.334,0.383,0.351,0.38,0.382,0.365,0.34
"2022-11-07 18:30:00",594,0.463,0.302,0.316,0.407,0.326,0.334,0.383,0.351,0.38,0.383,0.365,0.339
"2022-11-08 08:00:00",595,0.459,0.301,0.314,0.406,0.326,0.333,0.382,0.351,0.379,0.381,0.364,0.339
"2022-11-08 08:15:00",596,0.461,0.301,0.315,0.406,0.326,0.334,0.383,0.351,0.38,0.382,0.364,0.339
"2022-11-08 08:30:00",597,0.462,0.301,0.315,0.406,0.326,0.334,0.382,0.351,0.38,0.382,0.364,0.339
"2022-11-08 08:45:00",598,0.463,0.301,0.315,0.407,0.326,0.334,0.382,0.351,0.38,0.381,0.364,0.339
"2022-11-08 09:00:00",599,0.464,0.301,0.315,0.407,0.326,0.334,0.382,0.351,0.38,0.382,0.364,0.339
"2022-11-08 09:15:00",600,0.464,0.301,0.315,0.407,0.326,0.334,0.382,0.351,0.38,0.381,0.365,0.34
"2022-11-08 09:30:00",601,0.465,0.301,0.315,0.407,0.326,0.334,0.383,0.351,0.381,0.381,0.364,0.339
"2022-11-08 09:45:00",602,0.465,0.301,0.315,0.407,0.326,0.334,0.382,0.351,0.38,0.381,0.364,0.339
"2022-11-08 10:00:00",603,0.465,0.301,0.315,0.407,0.326,0.334,0.382,0.351,0.38,0.381,0.364,0.339
"2022-11-08 10:15:00",604,0.465,0.301,0.315,0.407,0.326,0.334,0.382,0.351,0.38,0.382,0.364,0.339
"2022-11-08 10:30:00",605,0.465,0.301,0.315,0.407,0.326,0.334,0.382,0.351,0.38,0.382,0.364,0.339
"2022-11-08 10:45:00",606,0.464,0.301,0.315,0.407,0.326,0.333,0.382,0.351,0.38,0.382,0.364,0.34
"2022-11-08 11:00:00",607,0.464,0.301,0.315,0.407,0.326,0.333,0.382,0.351,0.38,0.382,0.364,0.339
"2022-11-08 11:15:00",608,0.466,0.301,0.315,0.407,0.326,0.333,0.382,0.351,0.38,0.382,0.364,0.339
"2022-11-08 11:30:00",609,0.483,0.301,0.315,0.412,0.326,0.333,0.383,0.351,0.38,0.382,0.364,0.339
"2022-11-08 11:45:00",610,0.496,0.302,0.315,0.416,0.326,0.333,0.382,0.35,0.38,0.382,0.364,0.339
"2022-11-08 12:00:00",611,0.487,0.302,0.315,0.419,0.327,0.333,0.382,0.35,0.38,0.381,0.364,0.339
"2022-11-08 12:15:00",612,0.482,0.303,0.315,0.42,0.327,0.333,0.382,0.35,0.38,0.382,0.364,0.339
"2022-11-08 12:30:00",613,0.48,0.303,0.315,0.419,0.327,0.333,0.382,0.351,0.38,0.381,0.364,0.339
"2022-11-08 12:45:00",614,0.479,0.304,0.315,0.419,0.328,0.333,0.382,0.351,0.38,0.381,0.364,0.339
"2022-11-08 13:00:00",615,0.478,0.304,0.315,0.418,0.327,0.333,0.382,0.351,0.38,0.381,0.364,0.339
"2022-11-08 13:15:00",616,0.477,0.304,0.315,0.417,0.327,0.333,0.383,0.351,0.38,0.381,0.364,0.339
"2022-11-08 13:30:00",617,0.477,0.304,0.315,0.417,0.327,0.333,0.383,0.351,0.38,0.382,0.364,0.339
"2022-11-08 13:45:00",618,0.476,0.304,0.315,0.416,0.327,0.334,0.383,0.351,0.38,0.382,0.364,0.339
"2022-11-08 14:00:00",619,0.475,0.304,0.315,0.415,0.327,0.334,0.382,0.351,0.38,0.382,0.364,0.339
"2022-11-08 14:15:00",620,0.475,0.304,0.315,0.415,0.327,0.333,0.383,0.351,0.38,0.382,0.364,0.339
"2022-11-08 14:30:00",621,0.474,0.303,0.315,0.414,0.327,0.334,0.383,0.351,0.38,0.382,0.364,0.339
"2022-11-08 14:45:00",622,0.474,0.303,0.315,0.414,0.327,0.333,0.383,0.351,0.38,0.382,0.364,0.339
"2022-11-08 15:00:00",623,0.473,0.303,0.315,0.414,0.327,0.333,0.383,0.351,0.38,0.382,0.365,0.339
"2022-11-08 15:15:00",624,0.473,0.303,0.315,0.413,0.327,0.333,0.383,0.351,0.38,0.382,0.364,0.339
"2022-11-08 15:30:00",625,0.473,0.303,0.315,0.413,0.327,0.333,0.383,0.351,0.38,0.381,0.364,0.339
"2022-11-08 15:45:00",626,0.472,0.303,0.315,0.412,0.327,0.333,0.383,0.351,0.38,0.382,0.364,0.339
"2022-11-09 09:45:00",627,0.459,0.301,0.314,0.407,0.326,0.334,0.382,0.351,0.38,0.381,0.364,0.339
"2022-11-09 10:00:00",628,0.461,0.301,0.315,0.407,0.326,0.334,0.383,0.351,0.38,0.381,0.364,0.339
"2022-11-09 10:30:00",629,0.461,0.301,0.314,0.407,0.326,0.334,0.382,0.351,0.38,0.382,0.364,0.339
"2022-11-09 10:45:00",630,0.462,0.301,0.314,0.407,0.326,0.334,0.383,0.351,0.379,0.382,0.364,0.339
"2022-11-09 13:00:00",631,0.492,0.307,0.35,0.407,0.326,0.334,0.382,0.351,0.379,0.382,0.364,0.34
"2022-11-09 14:00:00",632,0.486,0.312,0.326,0.409,0.327,0.334,0.383,0.351,0.38,0.382,0.364,0.339
"2022-11-09 14:15:00",633,0.485,0.312,0.325,0.409,0.327,0.334,0.383,0.351,0.38,0.381,0.364,0.339
"2022-11-09 14:30:00",634,0.485,0.312,0.324,0.409,0.327,0.334,0.383,0.351,0.38,0.382,0.364,0.34
"2022-11-09 14:45:00",635,0.485,0.312,0.324,0.409,0.327,0.334,0.383,0.351,0.38,0.382,0.364,0.339
"2022-11-10 08:30:00",636,0.475,0.311,0.321,0.411,0.329,0.335,0.386,0.353,0.381,0.386,0.367,0.342
"2022-11-10 08:45:00",637,0.477,0.311,0.321,0.411,0.329,0.335,0.386,0.354,0.381,0.386,0.367,0.342
"2022-11-10 09:15:00",638,0.477,0.311,0.321,0.411,0.329,0.335,0.386,0.353,0.381,0.385,0.367,0.342
"2022-11-10 09:30:00",639,0.478,0.311,0.321,0.411,0.329,0.335,0.386,0.353,0.381,0.386,0.367,0.342
"2022-11-10 09:45:00",640,0.477,0.311,0.321,0.411,0.329,0.335,0.386,0.353,0.381,0.386,0.367,0.341
"2022-11-10 10:00:00",641,0.477,0.31,0.32,0.411,0.329,0.335,0.386,0.353,0.381,0.386,0.367,0.341
"2022-11-10 10:15:00",642,0.476,0.31,0.32,0.411,0.329,0.335,0.387,0.353,0.381,0.386,0.367,0.342
"2022-11-10 10:30:00",643,0.476,0.31,0.32,0.411,0.329,0.336,0.386,0.353,0.381,0.386,0.367,0.342
"2022-11-10 10:45:00",644,0.476,0.31,0.32,0.411,0.329,0.336,0.386,0.352,0.381,0.385,0.367,0.341
"2022-11-10 11:00:00",645,0.476,0.31,0.32,0.411,0.329,0.335,0.387,0.353,0.381,0.385,0.367,0.341
"2022-11-10 11:15:00",646,0.475,0.31,0.32,0.411,0.329,0.336,0.386,0.352,0.38,0.386,0.367,0.342
"2022-11-10 11:45:00",647,0.476,0.31,0.32,0.412,0.329,0.335,0.386,0.352,0.381,0.386,0.367,0.342
"2022-11-10 12:00:00",648,0.475,0.31,0.32,0.412,0.329,0.336,0.386,0.352,0.38,0.385,0.367,0.342
"2022-11-10 12:15:00",649,0.475,0.31,0.32,0.412,0.329,0.336,0.386,0.352,0.381,0.385,0.367,0.342
"2022-11-10 12:30:00",650,0.475,0.31,0.32,0.412,0.329,0.336,0.386,0.353,0.38,0.386,0.367,0.341
"2022-11-10 12:45:00",651,0.475,0.31,0.32,0.412,0.329,0.336,0.386,0.352,0.381,0.385,0.367,0.342
"2022-11-10 13:00:00",652,0.475,0.31,0.32,0.412,0.329,0.336,0.386,0.352,0.381,0.385,0.367,0.341
"2022-11-10 13:15:00",653,0.475,0.31,0.32,0.412,0.329,0.336,0.386,0.352,0.38,0.386,0.367,0.342
"2022-11-10 13:30:00",654,0.475,0.31,0.32,0.412,0.329,0.336,0.386,0.353,0.38,0.385,0.367,0.341
"2022-11-10 13:45:00",655,0.475,0.31,0.32,0.412,0.329,0.336,0.386,0.352,0.38,0.386,0.367,0.341
"2022-11-10 14:00:00",656,0.475,0.31,0.32,0.411,0.329,0.336,0.386,0.352,0.38,0.385,0.367,0.342
"2022-11-10 14:15:00",657,0.475,0.31,0.32,0.411,0.329,0.336,0.386,0.352,0.38,0.385,0.366,0.342
"2022-11-10 14:30:00",658,0.475,0.31,0.32,0.411,0.329,0.336,0.386,0.352,0.381,0.385,0.367,0.341
"2022-11-10 14:45:00",659,0.474,0.309,0.32,0.411,0.329,0.336,0.386,0.352,0.38,0.385,0.367,0.341
"2022-11-10 15:00:00",660,0.474,0.309,0.32,0.411,0.329,0.336,0.386,0.352,0.38,0.386,0.367,0.341
"2022-11-10 15:15:00",661,0.474,0.309,0.32,0.411,0.329,0.336,0.385,0.352,0.38,0.386,0.367,0.342
"2022-11-10 15:30:00",662,0.474,0.309,0.32,0.411,0.329,0.336,0.386,0.352,0.38,0.385,0.367,0.341
"2022-11-10 15:45:00",663,0.474,0.309,0.32,0.411,0.329,0.335,0.385,0.352,0.38,0.385,0.367,0.341
"2022-11-10 16:00:00",664,0.474,0.309,0.32,0.411,0.329,0.335,0.386,0.352,0.381,0.385,0.367,0.341
"2022-11-10 16:15:00",665,0.474,0.309,0.32,0.411,0.328,0.335,0.385,0.352,0.38,0.385,0.367,0.341
"2022-11-10 16:30:00",666,0.474,0.309,0.32,0.411,0.328,0.335,0.385,0.352,0.38,0.385,0.367,0.341
"2022-11-10 16:45:00",667,0.474,0.309,0.32,0.411,0.328,0.335,0.385,0.352,0.38,0.385,0.366,0.341
"2022-11-10 17:00:00",668,0.474,0.309,0.32,0.411,0.328,0.335,0.386,0.352,0.38,0.385,0.367,0.341
"2022-11-10 17:15:00",669,0.473,0.309,0.319,0.411,0.328,0.334,0.385,0.352,0.38,0.385,0.367,0.341
"2022-11-11 09:30:00",670,0.472,0.307,0.318,0.41,0.328,0.335,0.385,0.352,0.38,0.385,0.366,0.341
"2022-11-11 09:45:00",671,0.473,0.307,0.318,0.41,0.328,0.335,0.385,0.352,0.38,0.385,0.366,0.341
"2022-11-11 10:00:00",672,0.473,0.307,0.318,0.41,0.328,0.335,0.385,0.352,0.38,0.384,0.366,0.341
"2022-11-11 10:15:00",673,0.473,0.307,0.318,0.41,0.328,0.335,0.385,0.352,0.38,0.384,0.366,0.341
"2022-11-11 10:30:00",674,0.473,0.307,0.318,0.41,0.328,0.335,0.385,0.352,0.38,0.385,0.366,0.341
"2022-11-11 10:45:00",675,0.472,0.307,0.318,0.41,0.328,0.333,0.385,0.353,0.38,0.384,0.366,0.341
"2022-11-11 11:15:00",676,0.472,0.307,0.318,0.41,0.328,0.335,0.385,0.352,0.38,0.385,0.366,0.341
"2022-11-11 11:30:00",677,0.472,0.307,0.318,0.411,0.328,0.335,0.385,0.352,0.38,0.385,0.366,0.341
"2022-11-11 12:15:00",678,0.472,0.307,0.318,0.41,0.328,0.334,0.385,0.352,0.38,0.385,0.366,0.341
"2022-11-11 12:30:00",679,0.472,0.307,0.318,0.41,0.328,0.335,0.384,0.352,0.381,0.384,0.367,0.341
"2022-11-11 12:45:00",680,0.472,0.307,0.318,0.41,0.328,0.335,0.385,0.352,0.38,0.384,0.367,0.341
"2022-11-11 13:15:00",681,0.472,0.307,0.318,0.41,0.328,0.335,0.384,0.353,0.38,0.385,0.366,0.341
"2022-11-11 13:30:00",682,0.472,0.307,0.318,0.41,0.328,0.335,0.385,0.352,0.381,0.385,0.367,0.341
"2022-11-11 13:45:00",683,0.472,0.307,0.318,0.41,0.328,0.335,0.385,0.351,0.38,0.385,0.366,0.341
"2022-11-11 14:15:00",684,0.472,0.307,0.318,0.411,0.328,0.335,0.385,0.352,0.38,0.384,0.366,0.341
"2022-11-11 14:30:00",685,0.471,0.307,0.318,0.41,0.328,0.335,0.384,0.352,0.38,0.384,0.366,0.341
"2022-11-11 14:45:00",686,0.471,0.307,0.318,0.41,0.328,0.334,0.384,0.351,0.38,0.385,0.366,0.341
"2022-11-11 15:00:00",687,0.47,0.307,0.318,0.41,0.328,0.335,0.384,0.352,0.38,0.384,0.367,0.341
"2022-11-11 17:30:00",688,0.471,0.306,0.317,0.409,0.328,0.334,0.384,0.351,0.38,0.384,0.366,0.341
"2022-11-12 10:15:00",689,0.491,0.327,0.331,0.428,0.339,0.341,0.425,0.365,0.401,0.435,0.408,0.361
"2022-11-12 10:30:00",690,0.49,0.327,0.331,0.427,0.339,0.34,0.425,0.364,0.401,0.434,0.408,0.361
"2022-11-12 11:00:00",691,0.49,0.327,0.331,0.427,0.339,0.341,0.423,0.364,0.4,0.433,0.407,0.362
"2022-11-12 11:15:00",692,0.489,0.327,0.331,0.427,0.339,0.341,0.423,0.365,0.4,0.433,0.407,0.363
"2022-11-12 11:30:00",693,0.489,0.326,0.331,0.427,0.339,0.341,0.422,0.364,0.399,0.432,0.407,0.362
"2022-11-12 12:15:00",694,0.488,0.326,0.331,0.427,0.339,0.342,0.42,0.364,0.398,0.431,0.406,0.363
"2022-11-12 12:30:00",695,0.488,0.326,0.331,0.427,0.339,0.342,0.419,0.364,0.397,0.431,0.406,0.363
"2022-11-12 12:45:00",696,0.487,0.326,0.331,0.427,0.339,0.342,0.418,0.364,0.397,0.429,0.405,0.363
"2022-11-12 13:00:00",697,0.487,0.326,0.331,0.427,0.339,0.342,0.418,0.363,0.396,0.43,0.405,0.363
"2022-11-12 14:15:00",698,0.486,0.325,0.33,0.426,0.339,0.342,0.415,0.364,0.395,0.427,0.404,0.363
"2022-11-12 14:30:00",699,0.487,0.325,0.33,0.426,0.339,0.342,0.415,0.363,0.395,0.426,0.404,0.363
"2022-11-12 15:00:00",700,0.486,0.325,0.33,0.426,0.339,0.342,0.413,0.363,0.395,0.426,0.403,0.363
"2022-11-12 15:30:00",701,0.485,0.324,0.33,0.426,0.338,0.342,0.413,0.362,0.394,0.425,0.402,0.362
"2022-11-12 15:45:00",702,0.485,0.324,0.329,0.425,0.338,0.342,0.412,0.362,0.393,0.424,0.402,0.363
"2022-11-12 17:30:00",703,0.485,0.323,0.329,0.424,0.338,0.341,0.408,0.362,0.392,0.421,0.4,0.362
"2022-11-12 18:00:00",704,0.485,0.323,0.329,0.424,0.338,0.341,0.408,0.362,0.391,0.421,0.4,0.362
"2022-11-12 18:15:00",705,0.484,0.323,0.328,0.424,0.338,0.34,0.407,0.362,0.39,0.421,0.4,0.361
"2022-11-12 18:30:00",706,0.484,0.323,0.328,0.424,0.338,0.341,0.407,0.361,0.391,0.42,0.4,0.361
"2022-11-13 07:45:00",707,0.483,0.32,0.326,0.421,0.336,0.34,0.396,0.359,0.387,0.408,0.39,0.358
"2022-11-13 08:00:00",708,0.481,0.32,0.326,0.421,0.337,0.34,0.396,0.359,0.387,0.408,0.39,0.357
"2022-11-13 08:15:00",709,0.481,0.32,0.326,0.421,0.336,0.34,0.396,0.358,0.387,0.409,0.39,0.358
"2022-11-13 08:30:00",710,0.481,0.32,0.326,0.421,0.336,0.34,0.396,0.359,0.387,0.408,0.389,0.357
"2022-11-13 08:45:00",711,0.481,0.32,0.326,0.421,0.336,0.34,0.396,0.358,0.386,0.408,0.389,0.358
"2022-11-13 09:00:00",712,0.48,0.32,0.326,0.421,0.336,0.341,0.396,0.358,0.386,0.408,0.389,0.357
"2022-11-13 09:15:00",713,0.48,0.319,0.326,0.421,0.336,0.341,0.395,0.359,0.386,0.408,0.389,0.357
"2022-11-13 09:30:00",714,0.48,0.319,0.326,0.421,0.336,0.341,0.395,0.358,0.386,0.407,0.389,0.357
"2022-11-13 09:45:00",715,0.479,0.319,0.325,0.42,0.336,0.339,0.395,0.358,0.386,0.407,0.389,0.357
"2022-11-13 10:00:00",716,0.48,0.319,0.326,0.421,0.336,0.34,0.395,0.358,0.386,0.408,0.389,0.357
"2022-11-13 10:15:00",717,0.479,0.319,0.325,0.42,0.336,0.339,0.395,0.358,0.386,0.407,0.389,0.357
"2022-11-13 10:30:00",718,0.48,0.319,0.325,0.42,0.336,0.341,0.395,0.358,0.385,0.407,0.388,0.357
"2022-11-13 10:45:00",719,0.48,0.319,0.325,0.42,0.336,0.339,0.395,0.358,0.385,0.407,0.389,0.356
"2022-11-13 11:15:00",720,0.48,0.319,0.325,0.421,0.336,0.341,0.395,0.358,0.386,0.407,0.388,0.357
"2022-11-13 11:30:00",721,0.48,0.319,0.325,0.421,0.336,0.34,0.395,0.358,0.386,0.407,0.388,0.356
"2022-11-13 11:45:00",722,0.48,0.319,0.325,0.421,0.336,0.34,0.395,0.357,0.386,0.406,0.388,0.356
"2022-11-13 12:00:00",723,0.48,0.319,0.325,0.421,0.336,0.34,0.395,0.358,0.385,0.406,0.388,0.356
"2022-11-13 12:30:00",724,0.48,0.319,0.325,0.42,0.335,0.34,0.394,0.358,0.385,0.406,0.388,0.356
"2022-11-13 12:45:00",725,0.48,0.319,0.325,0.42,0.336,0.34,0.394,0.357,0.385,0.406,0.388,0.356
"2022-11-13 13:00:00",726,0.48,0.319,0.325,0.42,0.335,0.34,0.394,0.357,0.386,0.405,0.387,0.356
"2022-11-13 13:15:00",727,0.479,0.318,0.325,0.42,0.335,0.339,0.394,0.358,0.385,0.406,0.387,0.355
"2022-11-13 13:30:00",728,0.48,0.318,0.325,0.42,0.335,0.34,0.394,0.357,0.385,0.406,0.387,0.356
"2022-11-13 13:45:00",729,0.479,0.318,0.325,0.42,0.335,0.34,0.394,0.357,0.385,0.406,0.387,0.355
"2022-11-13 14:00:00",730,0.479,0.318,0.325,0.42,0.335,0.34,0.394,0.358,0.385,0.405,0.387,0.355
"2022-11-13 14:15:00",731,0.479,0.318,0.324,0.419,0.335,0.339,0.393,0.357,0.385,0.405,0.387,0.355
"2022-11-13 14:30:00",732,0.479,0.318,0.325,0.42,0.335,0.339,0.393,0.358,0.385,0.405,0.386,0.355
"2022-11-13 14:45:00",733,0.479,0.318,0.325,0.42,0.335,0.339,0.393,0.357,0.385,0.404,0.387,0.355
"2022-11-13 15:00:00",734,0.478,0.318,0.324,0.419,0.335,0.339,0.393,0.357,0.385,0.404,0.386,0.354
"2022-11-13 15:45:00",735,0.478,0.317,0.324,0.419,0.334,0.339,0.393,0.357,0.385,0.404,0.386,0.354
"2022-11-13 16:00:00",736,0.479,0.318,0.324,0.42,0.335,0.339,0.392,0.357,0.385,0.404,0.386,0.354
"2022-11-13 16:30:00",737,0.478,0.317,0.324,0.419,0.335,0.339,0.392,0.357,0.384,0.404,0.385,0.354
"2022-11-13 16:45:00",738,0.478,0.317,0.324,0.418,0.334,0.338,0.392,0.357,0.384,0.404,0.385,0.354
"2022-11-13 17:00:00",739,0.479,0.317,0.324,0.419,0.335,0.339,0.392,0.356,0.384,0.403,0.385,0.353
"2022-11-13 17:15:00",740,0.478,0.317,0.324,0.419,0.334,0.339,0.392,0.357,0.384,0.403,0.385,0.354
"2022-11-13 17:30:00",741,0.478,0.317,0.324,0.418,0.334,0.339,0.392,0.356,0.384,0.403,0.385,0.353
"2022-11-13 17:45:00",742,0.478,0.317,0.324,0.419,0.334,0.339,0.392,0.357,0.384,0.403,0.385,0.353
"2022-11-13 18:00:00",743,0.477,0.316,0.323,0.418,0.334,0.338,0.391,0.356,0.383,0.403,0.385,0.354
"2022-11-14 08:30:00",744,0.478,0.315,0.322,0.417,0.333,0.338,0.388,0.356,0.382,0.398,0.38,0.351
"2022-11-14 08:45:00",745,0.478,0.315,0.322,0.417,0.333,0.338,0.389,0.355,0.382,0.398,0.38,0.351
"2022-11-14 09:00:00",746,0.478,0.315,0.322,0.417,0.334,0.338,0.389,0.355,0.382,0.398,0.38,0.351
"2022-11-14 09:15:00",747,0.478,0.315,0.322,0.417,0.334,0.338,0.389,0.355,0.382,0.398,0.38,0.351
"2022-11-14 09:30:00",748,0.477,0.315,0.322,0.417,0.333,0.339,0.388,0.355,0.382,0.398,0.379,0.351
"2022-11-14 09:45:00",749,0.477,0.315,0.322,0.417,0.333,0.339,0.389,0.355,0.383,0.398,0.379,0.351
"2022-11-14 10:00:00",750,0.477,0.315,0.322,0.417,0.333,0.339,0.389,0.355,0.383,0.398,0.379,0.351
"2022-11-14 10:15:00",751,0.477,0.315,0.322,0.417,0.333,0.339,0.388,0.355,0.383,0.398,0.379,0.351
"2022-11-14 10:30:00",752,0.477,0.315,0.322,0.417,0.333,0.339,0.389,0.355,0.382,0.398,0.38,0.351
"2022-11-14 10:45:00",753,0.477,0.315,0.322,0.417,0.333,0.339,0.389,0.355,0.382,0.398,0.38,0.351
"2022-11-14 11:00:00",754,0.476,0.315,0.322,0.417,0.333,0.339,0.389,0.355,0.382,0.398,0.38,0.351
"2022-11-14 11:15:00",755,0.476,0.315,0.322,0.417,0.333,0.339,0.388,0.355,0.382,0.398,0.379,0.35
"2022-11-14 11:30:00",756,0.48,0.315,0.322,0.417,0.333,0.339,0.388,0.355,0.382,0.398,0.38,0.35
"2022-11-14 11:45:00",757,0.504,0.315,0.322,0.417,0.333,0.338,0.388,0.355,0.382,0.398,0.379,0.351
"2022-11-14 12:00:00",758,0.503,0.317,0.323,0.42,0.333,0.338,0.389,0.355,0.382,0.398,0.379,0.35
"2022-11-14 12:15:00",759,0.494,0.318,0.323,0.42,0.333,0.338,0.388,0.354,0.382,0.397,0.379,0.351
"2022-11-14 12:30:00",760,0.491,0.318,0.324,0.42,0.333,0.338,0.388,0.354,0.382,0.398,0.379,0.35
"2022-11-14 12:45:00",761,0.49,0.318,0.324,0.42,0.333,0.338,0.389,0.354,0.382,0.398,0.379,0.35
"2022-11-14 13:00:00",762,0.489,0.319,0.324,0.42,0.333,0.338,0.388,0.354,0.382,0.397,0.379,0.35
"2022-11-14 13:15:00",763,0.488,0.319,0.324,0.42,0.333,0.338,0.389,0.355,0.382,0.398,0.379,0.35
"2022-11-14 13:30:00",764,0.487,0.319,0.324,0.419,0.333,0.338,0.388,0.354,0.382,0.398,0.378,0.35
"2022-11-14 13:45:00",765,0.487,0.319,0.324,0.419,0.333,0.338,0.389,0.355,0.382,0.398,0.379,0.35
"2022-11-14 14:00:00",766,0.486,0.319,0.324,0.419,0.333,0.338,0.388,0.355,0.382,0.397,0.379,0.35
"2022-11-14 14:15:00",767,0.486,0.319,0.324,0.419,0.333,0.338,0.388,0.355,0.382,0.397,0.379,0.35
"2022-11-14 14:30:00",768,0.485,0.319,0.324,0.419,0.333,0.338,0.388,0.355,0.382,0.397,0.379,0.35
"2022-11-14 14:45:00",769,0.485,0.319,0.324,0.419,0.333,0.338,0.389,0.355,0.382,0.397,0.379,0.35
"2022-11-14 15:00:00",770,0.485,0.318,0.324,0.419,0.333,0.338,0.388,0.354,0.381,0.397,0.378,0.349
"2022-11-14 15:15:00",771,0.484,0.318,0.324,0.418,0.333,0.338,0.389,0.355,0.381,0.397,0.379,0.35
"2022-11-14 15:30:00",772,0.484,0.318,0.324,0.418,0.333,0.338,0.388,0.355,0.382,0.398,0.379,0.35
"2022-11-14 15:45:00",773,0.484,0.318,0.324,0.418,0.333,0.338,0.388,0.354,0.381,0.397,0.379,0.349
"2022-11-14 16:00:00",774,0.483,0.318,0.324,0.418,0.333,0.338,0.388,0.355,0.382,0.397,0.379,0.349
"2022-11-14 16:15:00",775,0.483,0.318,0.324,0.418,0.333,0.338,0.388,0.354,0.382,0.397,0.378,0.349
"2022-11-14 16:30:00",776,0.483,0.318,0.324,0.418,0.333,0.338,0.388,0.354,0.382,0.397,0.378,0.35
"2022-11-14 16:45:00",777,0.482,0.318,0.324,0.418,0.333,0.338,0.388,0.354,0.382,0.397,0.378,0.349
"2022-11-14 17:00:00",778,0.482,0.318,0.324,0.418,0.333,0.338,0.388,0.354,0.381,0.397,0.378,0.35
"2022-11-14 17:15:00",779,0.482,0.318,0.324,0.418,0.333,0.338,0.388,0.355,0.382,0.397,0.379,0.35
"2022-11-14 17:30:00",780,0.482,0.317,0.324,0.418,0.333,0.338,0.388,0.354,0.381,0.397,0.378,0.35
"2022-11-14 17:45:00",781,0.481,0.317,0.324,0.417,0.333,0.338,0.388,0.354,0.382,0.396,0.378,0.349
"2022-11-14 18:00:00",782,0.481,0.317,0.324,0.417,0.333,0.338,0.388,0.354,0.382,0.396,0.378,0.35
"2022-11-15 08:15:00",783,0.476,0.315,0.321,0.415,0.332,0.337,0.386,0.355,0.38,0.394,0.376,0.348
"2022-11-15 08:45:00",784,0.478,0.315,0.322,0.415,0.333,0.337,0.386,0.354,0.381,0.395,0.376,0.348
"2022-11-15 09:00:00",785,0.478,0.315,0.322,0.415,0.333,0.338,0.386,0.354,0.381,0.394,0.376,0.348
"2022-11-15 09:15:00",786,0.479,0.315,0.322,0.415,0.332,0.338,0.386,0.354,0.381,0.395,0.376,0.348
"2022-11-15 09:30:00",787,0.479,0.315,0.322,0.415,0.332,0.338,0.386,0.354,0.381,0.394,0.376,0.348
"2022-11-15 09:45:00",788,0.479,0.315,0.322,0.415,0.332,0.338,0.387,0.354,0.381,0.394,0.376,0.348
"2022-11-15 10:00:00",789,0.478,0.315,0.322,0.415,0.332,0.338,0.386,0.354,0.381,0.394,0.376,0.348
"2022-11-15 10:15:00",790,0.478,0.315,0.322,0.415,0.332,0.338,0.386,0.353,0.381,0.395,0.376,0.348
"2022-11-15 10:30:00",791,0.478,0.315,0.322,0.415,0.332,0.338,0.386,0.354,0.381,0.394,0.376,0.348
"2022-11-15 10:45:00",792,0.478,0.314,0.322,0.415,0.332,0.338,0.387,0.354,0.381,0.394,0.376,0.348
"2022-11-15 11:00:00",793,0.477,0.314,0.322,0.415,0.332,0.338,0.386,0.354,0.381,0.394,0.376,0.348
"2022-11-15 11:15:00",794,0.477,0.314,0.322,0.415,0.332,0.338,0.386,0.354,0.381,0.394,0.376,0.348
"2022-11-15 11:30:00",795,0.477,0.314,0.322,0.415,0.332,0.338,0.386,0.354,0.381,0.394,0.375,0.348
"2022-11-15 11:45:00",796,0.477,0.314,0.322,0.415,0.332,0.338,0.386,0.354,0.381,0.394,0.376,0.347
"2022-11-15 12:00:00",797,0.477,0.314,0.322,0.415,0.332,0.338,0.386,0.353,0.381,0.393,0.376,0.348
"2022-11-15 12:15:00",798,0.477,0.314,0.322,0.415,0.332,0.338,0.386,0.353,0.381,0.394,0.376,0.347
"2022-11-15 12:30:00",799,0.477,0.314,0.321,0.415,0.332,0.337,0.386,0.354,0.381,0.393,0.375,0.347
"2022-11-15 12:45:00",800,0.477,0.314,0.321,0.415,0.332,0.337,0.386,0.353,0.381,0.394,0.375,0.348
"2022-11-15 13:00:00",801,0.476,0.314,0.321,0.415,0.332,0.337,0.386,0.353,0.381,0.394,0.375,0.347
"2022-11-15 13:15:00",802,0.476,0.314,0.321,0.415,0.332,0.337,0.385,0.354,0.381,0.394,0.376,0.348
"2022-11-15 13:30:00",803,0.476,0.314,0.321,0.415,0.332,0.337,0.386,0.353,0.381,0.394,0.375,0.347
"2022-11-15 13:45:00",804,0.476,0.314,0.321,0.415,0.332,0.337,0.385,0.353,0.381,0.393,0.375,0.347
"2022-11-15 14:00:00",805,0.476,0.314,0.321,0.415,0.331,0.337,0.386,0.353,0.38,0.394,0.375,0.347
"2022-11-15 14:15:00",806,0.476,0.313,0.321,0.415,0.331,0.337,0.385,0.353,0.381,0.393,0.375,0.347
"2022-11-15 14:30:00",807,0.476,0.313,0.321,0.414,0.331,0.337,0.385,0.353,0.38,0.393,0.375,0.347
"2022-11-15 14:45:00",808,0.476,0.313,0.321,0.414,0.331,0.337,0.385,0.353,0.38,0.393,0.375,0.347
"2022-11-15 15:00:00",809,0.475,0.313,0.321,0.414,0.331,0.337,0.385,0.353,0.381,0.393,0.375,0.347
"2022-11-15 15:15:00",810,0.475,0.313,0.321,0.414,0.331,0.337,0.385,0.353,0.38,0.393,0.375,0.347
"2022-11-15 15:30:00",811,0.475,0.313,0.321,0.414,0.331,0.337,0.385,0.353,0.381,0.393,0.375,0.347
"2022-11-15 15:45:00",812,0.475,0.313,0.321,0.414,0.331,0.337,0.385,0.353,0.381,0.393,0.374,0.347
"2022-11-15 16:00:00",813,0.475,0.313,0.321,0.414,0.331,0.336,0.385,0.353,0.381,0.392,0.375,0.347
"2022-11-15 16:15:00",814,0.475,0.313,0.321,0.414,0.331,0.337,0.385,0.353,0.38,0.393,0.374,0.346
"2022-11-15 16:30:00",815,0.475,0.313,0.321,0.414,0.331,0.336,0.385,0.353,0.381,0.392,0.375,0.346
"2022-11-15 16:45:00",816,0.475,0.312,0.321,0.414,0.331,0.337,0.385,0.352,0.38,0.392,0.375,0.346
"2022-11-15 17:00:00",817,0.475,0.312,0.321,0.414,0.331,0.336,0.385,0.353,0.381,0.392,0.375,0.346
"2022-11-15 17:15:00",818,0.475,0.312,0.321,0.414,0.331,0.336,0.385,0.352,0.38,0.392,0.375,0.346
"2022-11-15 17:30:00",819,0.475,0.312,0.321,0.414,0.331,0.336,0.385,0.352,0.38,0.392,0.375,0.346
"2022-11-15 17:45:00",820,0.475,0.312,0.321,0.414,0.331,0.336,0.385,0.352,0.38,0.392,0.374,0.346
"2022-11-15 18:00:00",821,0.475,0.312,0.321,0.413,0.33,0.336,0.384,0.352,0.381,0.392,0.374,0.346
"2022-11-15 18:15:00",822,0.475,0.312,0.32,0.413,0.33,0.336,0.384,0.353,0.38,0.392,0.374,0.346
"2022-11-16 08:15:00",823,0.468,0.31,0.319,0.412,0.33,0.336,0.383,0.352,0.38,0.39,0.371,0.345
"2022-11-16 08:30:00",824,0.469,0.31,0.319,0.412,0.33,0.336,0.383,0.352,0.38,0.389,0.372,0.344
"2022-11-16 08:45:00",825,0.471,0.31,0.319,0.412,0.33,0.336,0.383,0.352,0.379,0.39,0.372,0.345
"2022-11-16 09:00:00",826,0.471,0.31,0.319,0.412,0.33,0.336,0.383,0.352,0.379,0.39,0.371,0.345
"2022-11-16 09:15:00",827,0.472,0.31,0.319,0.412,0.33,0.336,0.383,0.352,0.379,0.39,0.371,0.345
"2022-11-16 09:30:00",828,0.473,0.31,0.319,0.413,0.33,0.336,0.383,0.352,0.38,0.39,0.372,0.345
"2022-11-16 09:45:00",829,0.474,0.31,0.319,0.412,0.33,0.337,0.383,0.352,0.38,0.39,0.372,0.344
"2022-11-16 10:00:00",830,0.474,0.31,0.319,0.412,0.33,0.337,0.383,0.352,0.38,0.39,0.371,0.345
"2022-11-16 10:15:00",831,0.474,0.31,0.319,0.412,0.33,0.337,0.384,0.352,0.379,0.389,0.371,0.344
"2022-11-16 10:30:00",832,0.474,0.31,0.319,0.412,0.33,0.337,0.383,0.352,0.38,0.39,0.371,0.344
"2022-11-16 10:45:00",833,0.474,0.31,0.319,0.412,0.33,0.337,0.383,0.352,0.379,0.39,0.371,0.344
"2022-11-16 11:00:00",834,0.474,0.311,0.319,0.412,0.33,0.337,0.383,0.352,0.379,0.39,0.372,0.345
"2022-11-16 11:15:00",835,0.475,0.31,0.319,0.412,0.33,0.337,0.383,0.352,0.379,0.39,0.372,0.344
"2022-11-16 11:30:00",836,0.475,0.31,0.319,0.412,0.33,0.337,0.383,0.352,0.379,0.389,0.371,0.345
"2022-11-16 11:45:00",837,0.475,0.31,0.319,0.412,0.33,0.337,0.383,0.352,0.379,0.39,0.372,0.344
"2022-11-16 12:00:00",838,0.475,0.31,0.319,0.412,0.33,0.337,0.383,0.352,0.38,0.39,0.372,0.344
"2022-11-16 12:15:00",839,0.475,0.31,0.319,0.412,0.33,0.336,0.383,0.352,0.379,0.389,0.371,0.344
"2022-11-16 12:30:00",840,0.475,0.31,0.319,0.412,0.33,0.336,0.383,0.352,0.379,0.39,0.371,0.344
"2022-11-16 12:45:00",841,0.475,0.31,0.319,0.412,0.33,0.336,0.383,0.352,0.38,0.389,0.371,0.344
"2022-11-16 13:00:00",842,0.474,0.31,0.319,0.412,0.33,0.336,0.383,0.352,0.379,0.389,0.371,0.344
"2022-11-16 13:15:00",843,0.474,0.31,0.319,0.412,0.33,0.336,0.383,0.351,0.379,0.39,0.372,0.344
"2022-11-16 13:30:00",844,0.474,0.31,0.319,0.412,0.33,0.336,0.383,0.352,0.379,0.39,0.371,0.344
"2022-11-16 13:45:00",845,0.474,0.31,0.319,0.412,0.33,0.336,0.383,0.351,0.379,0.389,0.371,0.344
"2022-11-16 14:00:00",846,0.474,0.31,0.319,0.412,0.33,0.336,0.382,0.351,0.38,0.389,0.371,0.344
"2022-11-16 14:15:00",847,0.474,0.309,0.319,0.412,0.33,0.336,0.383,0.352,0.379,0.389,0.371,0.344
"2022-11-16 14:30:00",848,0.474,0.309,0.319,0.412,0.33,0.336,0.382,0.351,0.379,0.389,0.371,0.344
"2022-11-16 14:45:00",849,0.473,0.309,0.319,0.412,0.329,0.336,0.382,0.351,0.379,0.389,0.371,0.344
"2022-11-16 15:00:00",850,0.473,0.309,0.319,0.412,0.329,0.335,0.383,0.351,0.379,0.389,0.371,0.343
"2022-11-16 15:15:00",851,0.473,0.309,0.319,0.411,0.329,0.336,0.382,0.351,0.379,0.389,0.371,0.344
"2022-11-16 15:30:00",852,0.473,0.309,0.319,0.411,0.329,0.336,0.382,0.351,0.379,0.389,0.371,0.343
"2022-11-16 15:45:00",853,0.473,0.309,0.319,0.411,0.329,0.335,0.383,0.351,0.379,0.389,0.371,0.343
"2022-11-16 16:00:00",854,0.473,0.309,0.319,0.411,0.329,0.335,0.382,0.352,0.379,0.388,0.371,0.343
"2022-11-16 16:15:00",855,0.473,0.309,0.319,0.411,0.329,0.335,0.382,0.351,0.379,0.389,0.37,0.344
"2022-11-16 16:30:00",856,0.473,0.309,0.319,0.411,0.329,0.335,0.382,0.351,0.379,0.389,0.37,0.344
"2022-11-16 16:45:00",857,0.473,0.308,0.318,0.411,0.329,0.335,0.382,0.351,0.379,0.388,0.371,0.343
"2022-11-16 17:00:00",858,0.473,0.308,0.318,0.411,0.329,0.335,0.382,0.351,0.379,0.388,0.37,0.343
"2022-11-16 17:15:00",859,0.473,0.308,0.318,0.411,0.329,0.335,0.382,0.351,0.379,0.388,0.37,0.343
"2022-11-16 17:30:00",860,0.473,0.308,0.318,0.411,0.329,0.335,0.381,0.351,0.379,0.389,0.37,0.343
"2022-11-16 17:45:00",861,0.473,0.308,0.318,0.411,0.329,0.335,0.381,0.351,0.379,0.388,0.37,0.343
"2022-11-16 18:00:00",862,0.473,0.308,0.318,0.411,0.329,0.335,0.382,0.351,0.379,0.388,0.37,0.343
"2022-11-16 18:15:00",863,0.472,0.308,0.318,0.411,0.329,0.335,0.381,0.35,0.379,0.388,0.37,0.343
"2022-11-16 18:30:00",864,0.464,0.307,0.317,0.41,0.329,0.334,0.38,0.35,0.377,0.386,0.368,0.342
"2022-11-17 08:15:00",865,0.464,0.307,0.317,0.41,0.329,0.334,0.381,0.35,0.378,0.386,0.368,0.342
"2022-11-17 08:30:00",866,0.465,0.307,0.317,0.41,0.329,0.334,0.381,0.35,0.379,0.386,0.367,0.342
"2022-11-17 08:45:00",867,0.466,0.307,0.317,0.41,0.329,0.334,0.381,0.35,0.379,0.386,0.368,0.342
"2022-11-17 09:00:00",868,0.467,0.307,0.317,0.41,0.329,0.334,0.38,0.35,0.378,0.386,0.368,0.342
"2022-11-17 09:15:00",869,0.467,0.307,0.317,0.41,0.329,0.334,0.381,0.35,0.378,0.386,0.368,0.342
"2022-11-17 09:30:00",870,0.468,0.307,0.317,0.41,0.329,0.335,0.381,0.35,0.378,0.386,0.368,0.342
"2022-11-17 09:45:00",871,0.469,0.307,0.317,0.41,0.329,0.335,0.381,0.35,0.379,0.386,0.368,0.342
"2022-11-17 10:00:00",872,0.469,0.307,0.317,0.41,0.328,0.335,0.38,0.35,0.378,0.386,0.368,0.342
"2022-11-17 10:15:00",873,0.469,0.307,0.317,0.41,0.328,0.335,0.381,0.35,0.379,0.386,0.368,0.342
"2022-11-17 10:30:00",874,0.469,0.307,0.317,0.41,0.328,0.335,0.381,0.35,0.378,0.386,0.368,0.342
"2022-11-17 10:45:00",875,0.47,0.307,0.317,0.41,0.328,0.335,0.381,0.35,0.378,0.386,0.368,0.341
"2022-11-17 11:00:00",876,0.47,0.307,0.317,0.41,0.328,0.335,0.381,0.35,0.378,0.386,0.368,0.341
"2022-11-17 11:15:00",877,0.47,0.307,0.317,0.41,0.328,0.335,0.381,0.351,0.378,0.386,0.368,0.341
