"TOA5","CR300Series","CR300","28932","CR300.Std.10.04","CPU:PasoAlejoBarcelona_v01.CR300","4697","c_mVolts_pAlejoBar"
"TIMESTAMP","RECORD","mV_t1_20_b","mV_t1_40_b","mV_t1_60_b","mV_t2_20_b","mV_t2_40_b","mV_t2_60_b","mV_t3_20_b","mV_t3_40_b","mV_t3_60_b","mV_t4_20_b","mV_t4_40_b","mV_t4_60_b"
"TS","RN","mV","mV","mV","mV","mV","mV","mV","mV","mV","mV","mV","mV"
"","","Smp","Smp","Smp","Smp","Smp","Smp","Smp","Smp","Smp","Smp","Smp","Smp"
"2022-10-12 17:30:00",0,1879,1865,2129,2047,1904,1919,2820,2737,2819,2826,2780,2721
"2022-10-12 17:45:00",1,1879,1865,2129,2048,1904,1919,2819,2737,2820,2826,2781,2721
"2022-10-18 12:45:00",2,2115,1841,1863,2037,1892,1904,2769,2649,2744,2782,2767,2701
"2022-10-18 13:15:00",3,2127,1846,1868,2043,1895,1912,2804,2727,2804,2810,2763,2702
"2022-10-18 13:30:00",4,2126,1846,1868,2043,1895,1912,2804,2724,2803,2809,2763,2701
"2022-10-18 13:45:00",5,2125,1846,1868,2043,1895,1912,2805,2726,2804,2809,2765,2701
"2022-10-18 14:00:00",6,2125,1846,1868,2043,1895,1912,2804,2724,2803,2810,2763,2702
"2022-10-18 14:15:00",7,2124,1846,1868,2043,1895,1912,2805,2725,2804,2808,2764,2703
"2022-10-18 14:30:00",8,2124,1846,1868,2043,1895,1912,2805,2725,2803,2809,2764,2702
"2022-10-18 15:00:00",9,2124,1845,1868,2042,1895,1911,2805,2725,2804,2808,2763,2700
"2022-10-18 15:15:00",10,2123,1846,1868,2042,1895,1911,2804,2724,2802,2808,2763,2701
"2022-10-18 15:30:00",11,2124,1846,1868,2042,1895,1911,2804,2724,2803,2808,2764,2701
"2022-10-18 15:45:00",12,2123,1846,1868,2042,1895,1911,2804,2725,2803,2809,2763,2702
"2022-10-18 16:00:00",13,2123,1846,1868,2042,1894,1911,2804,2725,2804,2808,2763,2700
"2022-10-18 16:15:00",14,2123,1846,1868,2042,1894,1911,2804,2724,2804,2808,2764,2701
"2022-10-18 16:30:00",15,2123,1845,1868,2042,1894,1911,2804,2724,2804,2808,2763,2700
"2022-10-18 16:45:00",16,2123,1845,1868,2042,1894,1911,2804,2725,2802,2808,2763,2700
"2022-10-18 17:00:00",17,2123,1845,1868,2042,1894,1911,2804,2724,2803,2809,2764,2700
"2022-10-18 17:15:00",18,2123,1845,1868,2042,1894,1911,2804,2724,2803,2809,2764,2700
"2022-10-18 17:30:00",19,2123,1845,1867,2042,1894,1911,2803,2726,2802,2808,2763,2701
"2022-10-18 18:00:00",20,2122,1845,1867,2042,1894,1911,2803,2724,2804,2807,2763,2701
"2022-10-19 12:30:00",21,2124,1846,1867,2043,1895,1911,2805,2725,2803,2809,2763,2702
"2022-10-19 12:45:00",22,2124,1846,1867,2043,1895,1911,2805,2727,2802,2809,2763,2701
"2022-10-19 13:15:00",23,2124,1846,1867,2043,1895,1910,2805,2724,2802,2810,2763,2700
"2022-10-19 13:30:00",24,2124,1846,1867,2043,1895,1911,2804,2724,2802,2809,2763,2701
"2022-10-19 13:45:00",25,2124,1846,1867,2043,1894,1910,2806,2724,2803,2809,2763,2701
"2022-10-19 14:00:00",26,2124,1846,1867,2043,1895,1911,2804,2725,2803,2809,2763,2699
"2022-10-19 14:15:00",27,2124,1846,1867,2043,1895,1911,2805,2726,2801,2809,2764,2700
"2022-10-19 14:30:00",28,2123,1846,1867,2043,1894,1911,2804,2725,2803,2809,2762,2701
"2022-10-19 14:45:00",29,2123,1846,1867,2043,1894,1911,2806,2725,2803,2810,2763,2701
"2022-10-19 15:00:00",30,2123,1846,1867,2043,1894,1911,2805,2725,2801,2808,2763,2701
"2022-10-19 15:15:00",31,2123,1845,1867,2043,1894,1911,2805,2724,2803,2808,2763,2700
"2022-10-19 15:30:00",32,2123,1845,1867,2042,1894,1910,2804,2725,2802,2808,2763,2701
"2022-10-19 15:45:00",33,2123,1845,1867,2043,1894,1911,2805,2724,2801,2810,2762,2701
"2022-10-19 16:00:00",34,2123,1845,1867,2042,1894,1910,2805,2726,2803,2808,2763,2700
"2022-10-20 12:45:00",35,2124,1846,1867,2042,1895,1910,2804,2726,2802,2809,2763,2701
"2022-10-20 13:00:00",36,2124,1846,1867,2043,1895,1911,2806,2725,2801,2809,2764,2701
"2022-10-20 13:15:00",37,2124,1847,1867,2043,1895,1911,2805,2724,2800,2809,2764,2700
"2022-10-20 13:30:00",38,2124,1846,1867,2043,1895,1911,2805,2723,2800,2810,2762,2701
"2022-10-20 13:45:00",39,2124,1846,1867,2043,1894,1911,2805,2724,2800,2810,2763,2701
"2022-10-20 14:00:00",40,2124,1846,1867,2043,1894,1911,2805,2724,2802,2809,2763,2700
"2022-10-20 14:15:00",41,2123,1846,1867,2043,1894,1911,2805,2723,2802,2809,2764,2700
"2022-10-20 14:30:00",42,2124,1846,1867,2043,1894,1910,2804,2724,2801,2809,2764,2701
"2022-10-20 14:45:00",43,2123,1846,1867,2043,1894,1911,2804,2723,2801,2810,2764,2701
"2022-10-20 15:00:00",44,2123,1845,1867,2043,1893,1910,2804,2723,2800,2808,2763,2701
"2022-10-20 15:15:00",45,2123,1845,1867,2043,1893,1911,2805,2723,2801,2809,2762,2701
"2022-10-20 15:30:00",46,2123,1845,1867,2043,1893,1911,2805,2723,2800,2809,2764,2700
"2022-10-20 15:45:00",47,2123,1845,1867,2042,1893,1910,2804,2723,2800,2809,2763,2700
"2022-10-20 16:00:00",48,2123,1845,1867,2042,1893,1910,2804,2723,2800,2808,2764,2700
"2022-10-20 16:15:00",49,2123,1845,1867,2042,1893,1910,2804,2724,2800,2808,2762,2700
"2022-10-20 16:30:00",50,2123,1845,1867,2042,1892,1910,2804,2722,2800,2808,2763,2699
"2022-10-20 16:45:00",51,2123,1845,1867,2042,1892,1910,2803,2723,2800,2809,2763,2699
"2022-10-20 17:00:00",52,2122,1844,1867,2042,1892,1910,2804,2724,2801,2807,2762,2699
"2022-10-20 18:00:00",53,2122,1844,1867,2042,1893,1910,2803,2723,2799,2808,2763,2700
"2022-10-20 18:15:00",54,2122,1844,1867,2042,1893,1910,2803,2722,2800,2807,2762,2700
"2022-10-21 09:30:00",55,2124,1844,1866,2041,1894,1909,2803,2725,2798,2807,2761,2700
"2022-10-21 09:45:00",56,2124,1844,1866,2042,1894,1910,2802,2724,2798,2808,2762,2698
"2022-10-21 10:00:00",57,2124,1844,1866,2042,1894,1910,2803,2723,2800,2807,2761,2698
"2022-10-21 10:15:00",58,2123,1844,1866,2042,1894,1910,2802,2723,2799,2807,2760,2698
"2022-10-21 10:30:00",59,2123,1844,1866,2042,1893,1910,2802,2723,2800,2807,2761,2700
"2022-10-21 10:45:00",60,2123,1844,1866,2042,1893,1910,2803,2723,2800,2807,2761,2700
"2022-10-21 11:00:00",61,2123,1844,1866,2042,1893,1910,2803,2722,2800,2806,2762,2699
"2022-10-21 11:15:00",62,2123,1844,1866,2042,1893,1910,2803,2721,2800,2807,2763,2699
"2022-10-21 11:30:00",63,2123,1844,1866,2042,1893,1910,2803,2721,2798,2806,2762,2699
"2022-10-21 11:45:00",64,2123,1844,1866,2042,1893,1910,2803,2724,2799,2806,2761,2698
"2022-10-21 12:00:00",65,2122,1844,1866,2042,1893,1910,2802,2723,2798,2807,2760,2698
"2022-10-21 12:15:00",66,2122,1844,1866,2042,1893,1910,2802,2722,2798,2806,2761,2698
"2022-10-21 12:30:00",67,2122,1844,1866,2042,1893,1910,2803,2721,2798,2806,2760,2698
"2022-10-21 12:45:00",68,2122,1844,1866,2042,1893,1909,2803,2722,2799,2806,2761,2698
"2022-10-21 13:00:00",69,2122,1844,1866,2042,1892,1909,2802,2722,2800,2808,2760,2699
"2022-10-21 13:15:00",70,2122,1843,1866,2042,1893,1910,2802,2723,2800,2806,2760,2699
"2022-10-21 13:30:00",71,2122,1843,1866,2042,1892,1909,2802,2723,2799,2807,2762,2699
"2022-10-21 13:45:00",72,2122,1843,1866,2041,1892,1910,2803,2721,2799,2806,2761,2698
"2022-10-21 14:00:00",73,2122,1843,1866,2041,1892,1909,2802,2721,2798,2807,2759,2698
"2022-10-21 14:15:00",74,2122,1843,1866,2041,1892,1910,2801,2721,2799,2807,2760,2699
"2022-10-21 14:30:00",75,2122,1843,1866,2041,1892,1909,2802,2722,2798,2805,2760,2699
"2022-10-21 14:45:00",76,2122,1843,1866,2042,1892,1909,2802,2722,2798,2807,2760,2697
"2022-10-21 15:00:00",77,2122,1843,1866,2041,1891,1909,2802,2721,2798,2806,2761,2697
"2022-10-21 15:15:00",78,2121,1843,1866,2041,1892,1909,2802,2722,2798,2806,2760,2698
"2022-10-21 15:30:00",79,2121,1842,1866,2041,1891,1909,2801,2722,2798,2806,2760,2698
"2022-10-21 15:45:00",80,2121,1842,1866,2041,1891,1909,2800,2723,2797,2806,2761,2697
"2022-10-21 16:00:00",81,2121,1842,1866,2041,1891,1909,2800,2720,2797,2806,2761,2697
"2022-10-21 16:15:00",82,2121,1842,1865,2041,1891,1909,2801,2720,2798,2805,2761,2697
"2022-10-21 16:30:00",83,2121,1843,1865,2041,1891,1909,2800,2721,2796,2804,2759,2696
"2022-10-21 16:45:00",84,2121,1842,1865,2041,1891,1909,2800,2720,2799,2806,2760,2696
"2022-10-21 17:00:00",85,2121,1842,1865,2041,1891,1909,2800,2720,2798,2805,2759,2697
"2022-10-21 17:15:00",86,2121,1841,1865,2041,1891,1909,2799,2721,2798,2806,2759,2698
"2022-10-21 17:30:00",87,2121,1841,1865,2041,1891,1909,2801,2721,2797,2805,2759,2697
"2022-10-21 17:45:00",88,2120,1841,1865,2040,1890,1909,2800,2722,2798,2805,2761,2697
"2022-10-21 18:00:00",89,2120,1841,1865,2040,1891,1909,2800,2720,2797,2803,2760,2696
"2022-10-21 18:15:00",90,2120,1841,1865,2040,1890,1909,2799,2719,2797,2804,2760,2696
"2022-10-22 09:45:00",91,2122,1840,1863,2040,1891,1907,2800,2720,2795,2804,2757,2696
"2022-10-22 10:00:00",92,2122,1840,1864,2040,1892,1908,2800,2719,2796,2806,2758,2696
"2022-10-22 10:15:00",93,2122,1841,1864,2040,1892,1908,2801,2720,2796,2804,2758,2696
"2022-10-22 10:30:00",94,2122,1841,1864,2040,1891,1908,2801,2719,2797,2804,2757,2696
"2022-10-22 10:45:00",95,2122,1841,1864,2040,1891,1908,2801,2719,2796,2805,2759,2695
"2022-10-22 11:00:00",96,2122,1841,1864,2040,1891,1908,2801,2720,2796,2805,2757,2696
"2022-10-22 11:15:00",97,2122,1841,1864,2040,1891,1908,2800,2721,2796,2805,2759,2695
"2022-10-22 11:30:00",98,2122,1841,1864,2040,1891,1908,2802,2719,2795,2803,2758,2696
"2022-10-22 11:45:00",99,2122,1841,1864,2040,1891,1908,2801,2720,2797,2804,2757,2695
"2022-10-22 12:00:00",100,2122,1841,1864,2040,1891,1908,2800,2720,2797,2803,2758,2696
"2022-10-22 12:15:00",101,2123,1841,1864,2040,1891,1908,2800,2720,2796,2804,2758,2695
"2022-10-22 12:30:00",102,2124,1841,1864,2040,1891,1908,2801,2719,2797,2805,2758,2695
"2022-10-22 12:45:00",103,2124,1841,1864,2040,1890,1907,2801,2720,2796,2805,2756,2696
"2022-10-22 13:00:00",104,2124,1841,1864,2040,1890,1908,2801,2720,2796,2804,2758,2696
"2022-10-22 13:15:00",105,2124,1841,1865,2040,1890,1907,2801,2720,2795,2804,2756,2696
"2022-10-22 13:30:00",106,2124,1841,1864,2040,1890,1907,2800,2719,2796,2803,2757,2696
"2022-10-22 13:45:00",107,2123,1841,1865,2040,1890,1907,2801,2718,2797,2804,2757,2696
"2022-10-22 14:00:00",108,2123,1841,1865,2040,1890,1907,2800,2720,2796,2803,2759,2695
"2022-10-22 14:15:00",109,2123,1841,1865,2040,1890,1907,2800,2721,2796,2803,2757,2695
"2022-10-22 14:30:00",110,2123,1841,1864,2040,1890,1907,2800,2719,2796,2803,2756,2695
"2022-10-22 14:45:00",111,2123,1841,1864,2040,1890,1907,2801,2721,2795,2804,2758,2694
"2022-10-22 15:00:00",112,2123,1841,1865,2040,1889,1907,2800,2719,2796,2803,2758,2696
"2022-10-22 15:15:00",113,2122,1842,1864,2040,1889,1907,2800,2718,2796,2803,2757,2695
"2022-10-22 15:30:00",114,2122,1841,1864,2040,1890,1907,2801,2721,2796,2803,2757,2695
"2022-10-22 15:45:00",115,2122,1841,1864,2040,1889,1907,2799,2719,2796,2803,2758,2694
"2022-10-22 16:00:00",116,2122,1841,1864,2040,1889,1907,2798,2719,2796,2803,2756,2695
"2022-10-22 16:15:00",117,2122,1841,1864,2040,1889,1907,2800,2719,2795,2803,2757,2696
"2022-10-22 16:30:00",118,2122,1840,1864,2040,1889,1907,2799,2718,2796,2802,2756,2695
"2022-10-22 16:45:00",119,2121,1840,1864,2040,1889,1907,2799,2718,2795,2803,2757,2694
"2022-10-22 17:00:00",120,2121,1840,1864,2039,1889,1907,2798,2718,2795,2803,2756,2694
"2022-10-22 17:15:00",121,2121,1840,1864,2039,1889,1907,2798,2718,2795,2803,2757,2694
"2022-10-22 17:30:00",122,2121,1840,1864,2039,1889,1907,2799,2718,2795,2802,2755,2694
"2022-10-22 17:45:00",123,2121,1840,1864,2039,1889,1907,2799,2719,2794,2801,2756,2694
"2022-10-23 09:00:00",124,2121,1839,1863,2038,1890,1905,2799,2718,2793,2803,2756,2692
"2022-10-23 09:15:00",125,2121,1839,1863,2039,1891,1906,2799,2719,2794,2802,2756,2693
"2022-10-23 09:30:00",126,2120,1839,1863,2039,1890,1906,2799,2720,2793,2801,2756,2694
"2022-10-23 10:30:00",127,2121,1840,1863,2040,1891,1907,2799,2719,2794,2802,2754,2694
"2022-10-23 10:45:00",128,2121,1840,1864,2041,1891,1907,2799,2718,2794,2802,2754,2693
"2022-10-23 11:00:00",129,2121,1840,-8.191,-8.191,-8.191,-8.191,-8.191,-8.191,-8.191,-8.191,-8.191,-8.191
"2022-10-23 11:45:00",130,2121,1840,1864,2041,1891,1907,2800,2720,2793,2801,2756,2693
"2022-10-23 12:00:00",131,2121,1840,1864,2041,1891,1908,2800,2717,2794,2802,2754,2693
"2022-10-23 12:15:00",132,2121,1840,1864,2041,1890,1908,2800,2717,2794,2802,2754,2693
"2022-10-23 12:30:00",133,2121,1839,1864,2040,1890,1907,2799,2719,2795,2801,2755,2693
"2022-10-23 12:45:00",134,2121,1840,1864,2040,1890,1907,2799,2717,2795,2802,2754,2693
"2022-10-23 13:15:00",135,2121,1840,1864,2040,1890,1907,2800,2718,2795,2801,2755,2693
"2022-10-23 13:30:00",136,2121,1839,1864,2040,1890,1907,2799,2717,2793,2802,2756,2692
"2022-10-23 13:45:00",137,2121,1840,1864,2040,1890,1908,2799,2719,2793,2802,2755,2693
"2022-10-23 14:00:00",138,2121,1839,1864,2041,1890,1908,2799,2718,2793,2802,2756,2693
"2022-10-23 14:15:00",139,2121,1839,1864,2040,1890,1908,2798,2718,2793,2801,2756,2693
"2022-10-23 14:30:00",140,2121,1839,1864,2040,1890,1908,2799,2717,2794,2800,2755,2693
"2022-10-23 14:45:00",141,2121,1839,1864,2040,1890,1908,2799,2718,2795,2801,2755,2693
"2022-10-23 15:00:00",142,2121,1839,1864,2040,1889,1908,2799,2717,2793,2802,2754,2693
"2022-10-23 15:15:00",143,2120,1839,1864,2040,1889,1907,2799,2717,2794,2802,2754,2692
"2022-10-23 15:30:00",144,2120,1839,1864,2040,1889,1907,2799,2716,2794,2801,2754,2691
"2022-10-23 15:45:00",145,2120,1839,1864,2040,1889,1908,2799,2717,2793,2800,2756,2692
"2022-10-23 16:00:00",146,2120,1838,1864,2040,1889,1908,2799,2716,2794,2800,2755,2691
"2022-10-23 16:15:00",147,2120,1838,1864,2040,1889,1907,2798,2717,2793,2801,2754,2692
"2022-10-23 16:30:00",148,2120,1838,1863,2040,1889,1907,2798,2716,2792,2801,2755,2692
"2022-10-23 16:45:00",149,2120,1838,1863,2040,1889,1907,2797,2717,2794,2800,2754,2692
"2022-10-23 17:00:00",150,2120,1838,1863,2040,1889,1907,2797,2719,2793,2801,2754,2691
"2022-10-23 17:15:00",151,2120,1838,1863,2040,1888,1907,2798,2716,2793,2800,2753,2691
"2022-10-23 17:30:00",152,2120,1838,1863,2040,1888,1907,2798,2716,2792,2801,2754,2692
"2022-10-23 17:45:00",153,2120,1837,1863,2040,1888,1907,2797,2716,2792,2801,2755,2691
"2022-10-24 09:45:00",154,2119,1835,1861,2038,1889,1904,2798,2718,2793,2799,2752,2692
"2022-10-24 10:00:00",155,2119,1836,1861,2039,1889,1905,2798,2716,2792,2800,2752,2692
"2022-10-24 10:15:00",156,2119,1836,1861,2039,1889,1906,2798,2717,2792,2800,2753,2690
"2022-10-24 10:30:00",157,2119,1836,1861,2039,1889,1906,2798,2717,2793,2799,2754,2691
"2022-10-24 10:45:00",158,2119,1836,1861,2039,1889,1906,2798,2716,2793,2800,2754,2691
"2022-10-24 11:00:00",159,2119,1836,1861,2039,1889,1906,2798,2719,2792,2801,2754,2691
"2022-10-24 11:15:00",160,2120,1836,1861,2039,1889,1906,2799,2717,2793,2800,2754,2691
"2022-10-24 11:30:00",161,2125,1836,1862,2039,1889,1906,2798,2718,2791,2799,2753,2690
"2022-10-24 11:45:00",162,2129,1837,1866,2039,1888,1906,2799,2715,2793,2799,2754,2690
"2022-10-24 12:00:00",163,2131,1839,1870,2039,1888,1906,2799,2717,2792,2801,2753,2690
"2022-10-24 12:15:00",164,2131,1840,1869,2039,1888,1906,2798,2716,2792,2799,2754,2690
"2022-10-24 12:30:00",165,2131,1840,1867,2039,1888,1906,2798,2717,2792,2800,2754,2691
"2022-10-24 12:45:00",166,2131,1841,1867,2039,1888,1906,2798,2716,2792,2800,2753,2690
"2022-10-24 13:00:00",167,2131,1841,1867,2039,1888,1906,2798,2716,2792,2801,2754,2691
"2022-10-24 13:15:00",168,2130,1841,1866,2039,1888,1906,2798,2716,2793,2800,2754,2690
"2022-10-24 13:30:00",169,2130,1841,1866,2040,1888,1906,2798,2716,2793,2800,2753,2691
"2022-10-24 13:45:00",170,2130,1841,1866,2040,1888,1906,2799,2715,2792,2801,2753,2691
"2022-10-24 14:00:00",171,2129,1841,1866,2040,1888,1906,2797,2715,2791,2799,2752,2689
"2022-10-24 14:15:00",172,2129,1841,1866,2040,1888,1906,2798,2715,2791,2801,2753,2689
"2022-10-24 14:30:00",173,2129,1841,1866,2040,1888,1906,2797,2715,2791,2800,2752,2689
"2022-10-24 14:45:00",174,2129,1841,1866,2040,1888,1906,2798,2714,2792,2800,2753,2689
"2022-10-24 15:00:00",175,2129,1841,1866,2040,1888,1906,2798,2715,2791,2799,2753,2690
"2022-10-24 15:15:00",176,2128,1841,1866,2040,1888,1906,2796,2715,2792,2799,2752,2690
"2022-10-24 15:30:00",177,2128,1841,1866,2040,1888,1906,2797,2716,2791,2798,2753,2690
"2022-10-24 15:45:00",178,2128,1841,1866,2040,1888,1906,2797,2716,2791,2800,2753,2690
"2022-10-24 16:00:00",179,2127,1841,1866,2040,1887,1906,2797,2718,2791,2799,2753,2689
"2022-10-24 16:15:00",180,2127,1841,1865,2040,1888,1906,2797,2715,2791,2798,2752,2689
"2022-10-24 16:30:00",181,2127,1841,1865,2040,1887,1906,2797,2715,2792,2799,2752,2689
"2022-10-24 16:45:00",182,2127,1841,1865,2039,1888,1906,2796,2715,2790,2800,2752,2690
"2022-10-24 17:00:00",183,2126,1841,1865,2039,1888,1906,2796,2714,2791,2800,2753,2689
"2022-10-24 17:15:00",184,2126,1840,1865,2039,1887,1906,2796,2715,2791,2798,2753,2688
"2022-10-24 17:30:00",185,2126,1840,1865,2039,1888,1906,2796,2715,2791,2797,2752,2689
"2022-10-24 17:45:00",186,2126,1840,1865,2039,1887,1905,2797,2715,2790,2798,2752,2688
"2022-10-24 18:00:00",187,2126,1840,1865,2039,1887,1905,2797,2716,2792,2799,2753,2688
"2022-10-25 10:45:00",188,2122,1838,1862,2038,1889,1904,2797,2715,2790,2799,2752,2689
"2022-10-25 11:15:00",189,2122,1839,1862,2039,1889,1904,2797,2715,2791,2800,2752,2690
"2022-10-25 11:45:00",190,2121,1838,1862,2038,1888,1904,2798,2717,2788,2799,2752,2690
"2022-10-25 12:00:00",191,2122,1838,1863,2039,1889,1905,2797,2718,2792,2799,2753,2690
"2022-10-25 12:15:00",192,2122,1838,1863,2039,1889,1905,2798,2715,2790,2798,2753,2691
"2022-10-25 12:30:00",193,2122,1839,1863,2039,1889,1905,2797,2715,2789,2799,2753,2690
"2022-10-25 12:45:00",194,2122,1838,1863,2039,1889,1905,2799,2716,2790,2799,2752,2690
"2022-10-25 13:00:00",195,2122,1838,1862,2039,1888,1905,2797,2717,2791,2799,2753,2689
"2022-10-25 13:15:00",196,2122,1838,1863,2039,1888,1905,2797,2715,2791,2798,2752,2690
"2022-10-25 13:45:00",197,2122,1838,1862,2039,1888,1905,2797,2716,2790,2799,2753,2689
"2022-10-25 14:15:00",198,2121,1837,1862,2038,1888,1904,2796,2716,2791,2798,2752,2689
"2022-10-25 15:00:00",199,2121,1837,1862,2038,1888,1904,2798,2715,2790,2798,2752,2688
"2022-10-25 15:30:00",200,2121,1838,1862,2039,1888,1905,2796,2715,2790,2798,2752,2688
"2022-10-25 16:45:00",201,2121,1837,1862,2038,1887,1905,2796,2714,2791,2798,2751,2688
"2022-10-25 17:00:00",202,2121,1836,1862,2038,1887,1905,2797,2714,2790,2798,2751,2689
"2022-10-25 17:15:00",203,2121,1836,1862,2038,1887,1905,2797,2715,2791,2796,2751,2688
"2022-10-25 17:30:00",204,2120,1836,1862,2038,1887,1905,2796,2714,2789,2798,2752,2687
"2022-10-25 17:45:00",205,2120,1836,1862,2038,1887,1905,2795,2714,2789,2796,2753,2687
"2022-10-26 09:45:00",206,2123,1838,1861,2040,1889,1904,2804,2717,2788,2807,2755,2690
"2022-10-26 10:00:00",207,2123,1839,1862,2040,1889,1904,2804,2717,2790,2807,2755,2691
"2022-10-26 10:15:00",208,2124,1839,1862,2041,1890,1905,2804,2717,2791,2805,2756,2690
"2022-10-26 12:00:00",209,2123,1839,1861,2040,1889,1904,2805,2717,2790,2806,2757,2693
"2022-10-26 12:15:00",210,2122,1839,1862,2040,1889,1904,2803,2717,2792,2805,2756,2693
"2022-10-26 12:30:00",211,2124,1840,1863,2042,1890,1905,2803,2718,2789,2806,2756,2693
"2022-10-26 12:45:00",212,2123,1839,1863,2041,1889,1904,2804,2720,2791,2806,2756,2692
"2022-10-26 13:00:00",213,2123,1840,1863,2041,1889,1905,2803,2718,2790,2805,-8.191,-8.191
"2022-10-26 13:15:00",214,2123,1839,1863,2041,1889,1905,2803,2718,2790,2805,2755,2693
"2022-10-26 13:30:00",215,2124,1839,1863,2041,1889,1905,2803,2718,2790,2805,2756,2692
"2022-10-26 14:00:00",216,2123,1839,1862,2041,1889,1905,2804,2716,2790,2804,2758,2691
"2022-10-26 14:30:00",217,2123,1839,1863,2041,1889,1905,2802,2717,2792,2804,2757,2691
"2022-10-26 14:45:00",218,2123,1839,1863,2041,1889,1905,2802,2716,2790,2804,2757,2691
"2022-10-26 15:15:00",219,2122,1838,1862,2040,1888,1904,2803,2716,2790,2803,2757,2692
"2022-10-26 15:30:00",220,2122,1838,1862,2041,1888,1905,2802,2716,2790,2805,2756,2692
"2022-10-26 15:45:00",221,2122,1838,1862,2041,1888,1905,2802,2715,2790,2804,2756,2692
"2022-10-26 16:15:00",222,2122,1838,1862,2041,1888,1905,2801,2717,2791,2804,2754,2691
"2022-10-26 16:30:00",223,2122,1838,1862,2041,1888,1905,2801,2715,2790,2803,2754,2690
"2022-10-26 16:45:00",224,2122,1838,1862,2041,1888,1905,2801,2719,2789,2804,2756,2692
"2022-10-26 17:00:00",225,2122,1838,1862,2041,1888,1905,2801,2717,2790,2802,2755,2690
"2022-10-26 17:15:00",226,2122,1838,1862,2040,1888,1905,2801,2715,2790,2804,2756,2691
"2022-10-26 17:30:00",227,2122,1838,1862,2040,1888,1905,2800,2718,2789,2802,2757,2691
"2022-10-26 17:45:00",228,2122,1837,1862,2040,1887,1905,2800,2715,2791,2802,2755,2690
"2022-10-26 18:15:00",229,2120,1836,1861,2039,1887,1903,2799,2715,2787,2803,2756,2691
"2022-10-27 10:15:00",230,2121,1836,1861,2038,1889,1903,2797,2715,2790,2799,2753,2689
"2022-10-27 10:30:00",231,2120,1836,1861,2038,1888,1904,2797,2715,2789,2801,2752,2690
"2022-10-27 10:45:00",232,2120,1836,1861,2038,1888,1904,2797,2715,2789,2799,2752,2690
"2022-10-27 11:00:00",233,2120,1837,1860,2038,1888,1904,2798,2714,2786,2801,2753,2691
"2022-10-27 11:15:00",234,2120,1837,1861,2038,1888,1904,2797,2715,2789,2801,2754,2690
"2022-10-27 11:30:00",235,2120,1836,1860,2038,1888,1904,2798,2715,2786,2800,2753,2689
"2022-10-27 11:45:00",236,2120,1837,1861,2038,1888,1904,2797,2715,2788,2800,2752,2689
"2022-10-27 12:00:00",237,2120,1836,1861,2038,1888,1904,2797,2714,2788,2800,2753,2690
"2022-10-27 12:15:00",238,2119,1836,1860,2038,1888,1904,2797,2714,2789,2800,2754,2690
"2022-10-27 12:30:00",239,2119,1836,1861,2038,1887,1904,2796,2714,2787,2801,2753,2691
"2022-10-27 12:45:00",240,2119,1836,1860,2038,1887,1903,2797,2715,2786,2801,2752,2690
"2022-10-27 13:00:00",241,2119,1836,1861,2038,1887,1903,2798,2714,2788,2800,2752,2690
"2022-10-27 13:15:00",242,2119,1836,1861,2038,1887,1903,2798,2717,2786,2800,2753,2689
"2022-10-27 13:30:00",243,2119,1835,1861,2038,1887,1903,2797,2714,2788,2800,2752,2690
"2022-10-27 13:45:00",244,2119,1836,1860,2038,1886,1903,2797,2716,2786,2799,2753,2690
"2022-10-27 14:00:00",245,2119,1835,1861,2038,1886,1903,2796,2714,2786,2799,2753,2689
"2022-10-27 14:15:00",246,2119,1835,1860,2038,1886,1903,2796,2714,2788,2799,2752,2689
"2022-10-27 14:30:00",247,2119,1835,1860,2038,1886,1903,2797,2714,2788,2799,2752,2690
"2022-10-27 14:45:00",248,2118,1835,1860,2037,1886,1903,2796,2715,2788,2799,2753,2689
"2022-10-27 15:00:00",249,2118,1835,1860,2037,1886,1903,2797,2714,2785,2800,2753,2689
"2022-10-27 15:15:00",250,2118,1834,1860,2037,1886,1903,2796,2716,2787,2799,2752,2688
"2022-10-27 15:30:00",251,2118,1834,1860,2037,1885,1903,2796,2714,2788,2799,2751,2688
"2022-10-27 15:45:00",252,2118,1835,1860,2037,1885,1903,2797,2714,2788,2799,2752,2689
"2022-10-27 16:00:00",253,2118,1834,1860,2037,1885,1903,2795,2714,2787,2799,2753,2688
"2022-10-27 16:15:00",254,2118,1834,1860,2037,1885,1903,2796,2713,2788,2798,2752,2689
"2022-10-27 16:30:00",255,2118,1834,1859,2037,1885,1903,2796,2713,2785,2798,2751,2689
"2022-10-27 16:45:00",256,2117,1833,1860,2037,1885,1903,2796,2713,2788,2798,2751,2688
"2022-10-27 17:00:00",257,2117,1834,1860,2037,1885,1903,2795,2713,2785,2799,2752,2688
"2022-10-27 17:15:00",258,2117,1833,1859,2037,1885,1903,2794,2713,2786,2798,2751,2687
"2022-10-27 17:30:00",259,2117,1834,1860,2037,1885,1903,2796,2715,2786,2798,2751,2688
"2022-10-27 17:45:00",260,2117,1834,1860,2036,1885,1903,2794,2713,2785,2798,2752,2688
"2022-10-27 18:00:00",261,2117,1833,1859,2036,1885,1902,2796,2714,2785,2797,2752,2687
"2022-10-29 13:00:00",262,2131,1850,1867,2044,1893,1905,2807,2718,2788,2814,2763,2700
"2022-10-29 13:15:00",263,2131,1850,1869,2044,1893,1906,2807,2719,2788,2814,2763,2700
"2022-10-29 13:30:00",264,2130,1850,1869,2045,1893,1907,2807,2718,2790,2815,2763,2701
"2022-10-30 09:15:00",265,2129,1848,1867,2044,1893,1906,2803,2720,2788,2812,2763,2699
"2022-10-30 10:00:00",266,2130,1848,1868,2045,1894,1908,2805,2716,2790,2811,2764,2699
"2022-10-30 10:15:00",267,2130,1848,1868,2045,1894,1908,2804,2720,2791,2812,2764,2699
"2022-10-30 10:30:00",268,2130,1848,1868,2046,1894,1908,2804,2718,2789,2811,2763,2699
"2022-10-30 10:45:00",269,2130,1848,1868,2045,1893,1908,2803,2718,2789,2812,2763,2699
"2022-10-30 11:00:00",270,2130,1848,1868,2045,1893,1908,2803,2717,2789,2812,2763,2698
"2022-10-30 11:15:00",271,2130,1848,1868,2045,1893,1908,2804,2716,2791,2810,2764,2699
"2022-10-30 11:30:00",272,2129,1848,1868,2045,1893,1908,2803,2717,2789,2811,2764,2699
"2022-10-30 11:45:00",273,2129,1848,1868,2045,1893,1908,2803,2716,2790,2811,2763,2698
"2022-10-30 12:00:00",274,2129,1848,1868,2045,1893,1908,2803,2716,2788,2810,2764,2699
"2022-10-30 12:15:00",275,2129,1848,1868,2045,1893,1908,2803,2716,2789,2811,2764,2698
"2022-10-30 12:30:00",276,2129,1848,1868,2045,1893,1908,2803,2716,2790,2810,2764,2698
"2022-10-30 12:45:00",277,2129,1847,1868,2045,1892,1908,2802,2715,2789,2811,2762,2698
"2022-10-30 13:00:00",278,2129,1847,1868,2045,1893,1908,2803,2717,2788,2811,2763,2697
"2022-10-30 13:15:00",279,2129,1847,1867,2045,1893,1908,2803,2717,2789,2809,2762,2698
"2022-10-30 13:30:00",280,2129,1847,1867,2045,1892,1908,2803,2715,2790,2810,2762,2697
"2022-10-30 13:45:00",281,2128,1847,1867,2045,1892,1908,2803,2717,2789,2810,2763,2698
"2022-10-30 14:00:00",282,2128,1847,1867,2045,1892,1908,2802,2715,2788,2808,2763,2696
"2022-10-30 14:15:00",283,2128,1847,1867,2045,1892,1908,2803,2716,2789,2809,2763,2698
"2022-10-30 14:30:00",284,2128,1847,1867,2045,1891,1908,2802,2715,2789,2809,2761,2697
"2022-10-30 14:45:00",285,2128,1846,1867,2045,1891,1907,2802,2717,2789,2809,2763,2696
"2022-10-30 15:00:00",286,2128,1846,1867,2044,1891,1907,2802,2716,2789,2810,2763,2697
"2022-10-30 15:15:00",287,2128,1846,1867,2044,1891,1907,2801,2715,2788,2808,2763,2697
"2022-10-30 15:30:00",288,2128,1846,1867,2044,1891,1907,2802,2716,2789,2809,2763,2697
"2022-10-30 15:45:00",289,2128,1846,1867,2044,1891,1907,2801,2716,2787,2809,2763,2695
"2022-10-30 16:00:00",290,2127,1846,1867,2044,1891,1907,2801,2715,2788,2809,2761,2695
"2022-10-30 16:15:00",291,2128,1845,1867,2044,1890,1907,2801,2715,2787,2809,2761,2695
"2022-10-30 16:30:00",292,2127,1845,1867,2044,1890,1907,2801,2714,2787,2807,2763,2696
"2022-10-30 16:45:00",293,2127,1845,1866,2044,1890,1907,2801,2714,2788,2808,2761,2695
"2022-10-30 17:00:00",294,2127,1845,1866,2044,1890,1907,2801,2716,2787,2808,2761,2695
"2022-10-30 17:30:00",295,2127,1845,1866,2043,1890,1907,2800,2714,2788,2806,2762,2695
"2022-10-31 08:15:00",296,2124,1842,1863,2041,1890,1906,2798,2713,2787,2805,2758,2691
"2022-10-31 08:30:00",297,2124,1842,1863,2041,1890,1906,2797,2715,2788,2804,2756,2691
"2022-10-31 08:45:00",298,2124,1842,1863,2041,1890,1906,2797,2715,2786,2802,2758,2690
"2022-10-31 09:00:00",299,2124,1842,1863,2041,1890,1906,2798,2713,2788,2803,2757,2692
"2022-10-31 09:15:00",300,2124,1842,1863,2041,1890,1905,2798,2713,2785,2802,2757,2691
"2022-10-31 09:30:00",301,2124,1842,1863,2041,1889,1905,2798,2716,2786,2803,2758,2692
"2022-10-31 09:45:00",302,2124,1842,1863,2041,1889,1905,2797,2713,2786,2803,2758,2692
"2022-10-31 10:00:00",303,2124,1842,1863,2041,1889,1905,2797,2714,2786,2803,2757,2692
"2022-10-31 10:15:00",304,2124,1842,1863,2041,1889,1905,2798,2714,2788,2803,2757,2691
"2022-10-31 10:30:00",305,2124,1842,1863,2041,1888,1905,2797,2713,2787,2803,2756,2691
"2022-10-31 10:45:00",306,2124,1842,1863,2041,1888,1905,2798,2714,2787,2803,2756,2691
"2022-10-31 11:00:00",307,2124,1842,1863,2041,1888,1905,2798,2715,2786,2804,2758,2691
"2022-10-31 11:15:00",308,2124,1841,1863,2041,1888,1905,2797,2713,2787,2803,2758,2691
"2022-10-31 11:30:00",309,2124,1841,1863,2041,1888,1905,2797,2713,2786,2804,2758,2691
"2022-10-31 11:45:00",310,2124,1841,1863,2041,1888,1905,2797,2713,2788,2803,2757,2692
"2022-10-31 12:00:00",311,2124,1841,1863,2041,1888,1905,2798,2713,2787,2803,2756,2691
"2022-10-31 12:15:00",312,2124,1841,1863,2041,1888,1905,2798,2714,2786,2803,2756,2690
"2022-10-31 12:30:00",313,2124,1841,1863,2041,1888,1905,2798,2714,2786,2803,2756,2690
"2022-10-31 12:45:00",314,2124,1841,1863,2041,1888,1905,2798,2713,2787,2803,2756,2690
"2022-10-31 13:00:00",315,2124,1841,1863,2041,1888,1905,2797,2713,2787,2802,2756,2690
"2022-10-31 13:15:00",316,2124,1842,1863,2041,1888,1905,2797,2714,2786,2803,2757,2690
"2022-10-31 13:30:00",317,2124,1841,1863,2040,1888,1905,2797,2713,2786,2803,2755,2690
"2022-10-31 13:45:00",318,2124,1841,1863,2040,1888,1904,2797,2714,2786,2802,2758,2691
"2022-10-31 14:00:00",319,2123,1840,1863,2040,1888,1904,2796,2714,2785,2803,2756,2690
"2022-10-31 14:15:00",320,2123,1840,1863,2040,1888,1904,2797,2713,2787,2802,2757,2690
"2022-10-31 14:30:00",321,2123,1840,1863,2040,1889,1904,2797,2713,2786,2802,2757,2690
"2022-10-31 14:45:00",322,2123,1840,1863,2040,1889,1904,2797,2712,2785,2803,2756,2690
"2022-10-31 15:00:00",323,2123,1840,1863,2040,1889,1904,2796,2714,2785,2802,2756,2690
"2022-10-31 15:15:00",324,2123,1840,1863,2040,1889,1904,2797,2713,2786,2801,2755,2689
"2022-10-31 15:30:00",325,2123,1840,1862,2040,1889,1904,2797,2712,2785,2802,2755,2689
"2022-10-31 15:45:00",326,2123,1839,1862,2040,1890,1904,2797,2712,2785,2801,2755,2688
"2022-10-31 16:00:00",327,2123,1839,1862,2040,1890,1904,2796,2712,2785,2802,2756,2688
"2022-10-31 16:15:00",328,2122,1839,1862,2040,1890,1904,2796,2712,2786,2802,2757,2689
"2022-10-31 16:30:00",329,2122,1839,1862,2040,1889,1904,2795,2712,2785,2801,2756,2689
"2022-10-31 16:45:00",330,2122,1839,1862,2040,1889,1904,2795,2715,2786,2801,2756,2689
"2022-10-31 17:00:00",331,2122,1839,1862,2039,1889,1904,2796,2712,2785,2800,2755,2688
"2022-10-31 17:15:00",332,2122,1838,1862,2039,1889,1904,2795,2712,2785,2800,2756,2688
"2022-10-31 17:30:00",333,2122,1838,1862,2039,1889,1904,2796,2711,2784,2799,2755,2689
"2022-10-31 17:45:00",334,2122,1838,1862,2039,1889,1904,2795,2712,2784,2799,2755,2688
"2022-11-01 08:15:00",335,2120,1836,1860,2038,1887,1903,2791,2711,2783,2797,2752,2688
"2022-11-01 08:30:00",336,2120,1836,1860,2038,1887,1903,2792,2712,2784,2796,2752,2686
"2022-11-01 08:45:00",337,2121,1836,1860,2038,1887,1903,2792,2711,2785,2796,2752,2687
"2022-11-01 09:00:00",338,2120,1836,1860,2038,1887,1903,2793,2711,2784,2796,2751,2687
"2022-11-01 09:15:00",339,2120,1836,1860,2038,1886,1903,2792,2712,2785,2796,2751,2686
"2022-11-01 09:30:00",340,2120,1836,1860,2038,1886,1903,2792,2710,2784,2796,2751,2686
"2022-11-01 09:45:00",341,2120,1836,1860,2038,1885,1903,2792,2712,2784,2796,2752,2687
"2022-11-01 10:00:00",342,2120,1836,1860,2038,1885,1903,2792,2710,2784,2796,2752,2686
"2022-11-01 10:15:00",343,2120,1836,1860,2038,1885,1903,2793,2710,2785,2795,2751,2685
"2022-11-01 10:30:00",344,2120,1836,1860,2038,1885,1903,2793,2712,2783,2796,2750,2687
"2022-11-01 10:45:00",345,2120,1835,1860,2038,1885,1903,2793,2710,2783,2796,2752,2686
"2022-11-01 11:00:00",346,2120,1835,1860,2038,1885,1903,2791,2710,2784,2798,2751,2686
"2022-11-01 11:15:00",347,2120,1835,1860,2038,1885,1903,2793,2710,2783,2795,2752,2686
"2022-11-01 11:30:00",348,2120,1835,1860,2038,1886,1903,2791,2710,2783,2797,2752,2686
"2022-11-01 11:45:00",349,2120,1835,1860,2038,1886,1903,2793,2710,2783,2796,2751,2685
"2022-11-01 12:00:00",350,2120,1835,1860,2038,1886,1903,2793,2710,2783,2796,2751,2686
"2022-11-01 12:15:00",351,2120,1835,1860,2038,1887,1903,2793,2710,2784,2797,2750,2686
"2022-11-01 12:30:00",352,2120,1835,1860,2038,1887,1903,2793,2711,2783,2797,2752,2686
"2022-11-01 12:45:00",353,2120,1835,1860,2038,1887,1902,2793,2709,2783,2796,2751,2685
"2022-11-01 13:00:00",354,2120,1835,1860,2037,1887,1902,2793,2711,2784,2795,2750,2685
"2022-11-01 13:15:00",355,2120,1835,1860,2037,1887,1902,2793,2712,2784,2795,2750,2684
"2022-11-01 13:30:00",356,2119,1834,1860,2037,1888,1902,2792,2710,2783,2797,2750,2685
"2022-11-01 13:45:00",357,2119,1834,1860,2037,1888,1902,2792,2711,2785,2795,2751,2684
"2022-11-01 14:00:00",358,2119,1834,1860,2037,1888,1902,2792,2710,2783,2796,2750,2686
"2022-11-01 14:15:00",359,2119,1835,1860,2037,1888,1902,2791,2711,2783,2795,2750,2685
"2022-11-01 14:30:00",360,2119,1834,1860,2037,1888,1902,2791,2709,2782,2794,2750,2685
"2022-11-01 14:45:00",361,2119,1833,1860,2037,1888,1902,2791,2708,2783,2795,2751,2685
"2022-11-01 15:00:00",362,2119,1833,1859,2037,1888,1902,2791,2708,2782,2794,2750,2684
"2022-11-01 15:15:00",363,2119,1833,1859,2037,1889,1902,2791,2709,2782,2795,2751,2684
"2022-11-01 15:30:00",364,2118,1833,1859,2037,1889,1902,2791,2708,2782,2793,2750,2685
"2022-11-01 15:45:00",365,2118,1833,1859,2037,1889,1902,2790,2708,2783,2795,2751,2684
"2022-11-01 16:00:00",366,2118,1832,1859,2036,1888,1902,2791,2708,2782,2794,2750,2683
"2022-11-01 16:15:00",367,2118,1832,1859,2036,1889,1902,2790,2709,2782,2793,2749,2684
"2022-11-01 16:30:00",368,2118,1832,1859,2036,1888,1902,2791,2708,2782,2793,2749,2684
"2022-11-01 16:45:00",369,2118,1832,1859,2036,1888,1902,2789,2709,2784,2793,2750,2683
"2022-11-01 17:00:00",370,2117,1831,1859,2036,1888,1902,2790,2708,2783,2794,2749,2684
"2022-11-01 17:15:00",371,2117,1831,1859,2036,1888,1902,2789,2710,2782,2793,2749,2682
"2022-11-01 17:30:00",372,2117,1831,1859,2036,1888,1901,2789,2708,2781,2794,2749,2683
"2022-11-01 17:45:00",373,2117,1831,1858,2036,1888,1901,2789,2706,2783,2793,2750,2683
"2022-11-01 18:00:00",374,2116,1830,1858,2035,1886,1900,2788,2709,2782,2793,2748,2683
"2022-11-02 08:15:00",375,2118,1827,1856,2034,1883,1899,2787,2706,2781,2788,2747,2682
"2022-11-02 08:30:00",376,2117,1827,1856,2034,1883,1899,2788,2705,2782,2789,2745,2681
"2022-11-02 08:45:00",377,2117,1827,1856,2034,1883,1899,2787,2706,2781,2790,2746,2682
"2022-11-02 09:00:00",378,2116,1827,1856,2034,1883,1899,2786,2706,2780,2789,2746,2681
"2022-11-02 09:15:00",379,2116,1827,1856,2034,1882,1899,2786,2706,2781,2790,2745,2681
"2022-11-02 09:30:00",380,2116,1827,1856,2034,1882,1899,2787,2706,2781,2789,2745,2681
"2022-11-02 09:45:00",381,2116,1827,1856,2034,1881,1899,2786,2706,2782,2790,2745,2681
"2022-11-02 10:00:00",382,2116,1827,1856,2034,1881,1899,2787,2706,2781,2790,2746,2680
"2022-11-02 10:15:00",383,2116,1827,1856,2034,1881,1899,2786,2705,2782,2790,2745,2680
"2022-11-02 10:30:00",384,2116,1827,1856,2034,1881,1899,2786,2707,2781,2790,2746,2681
"2022-11-02 10:45:00",385,2116,1827,1856,2034,1881,1898,2787,2707,2780,2790,2746,2680
"2022-11-02 11:00:00",386,2116,1827,1856,2034,1881,1899,2786,2706,2779,2790,2745,2680
"2022-11-02 11:15:00",387,2116,1827,1856,2034,1881,1899,2787,2708,2780,2789,2747,2680
"2022-11-02 11:30:00",388,2116,1826,1856,2034,1881,1898,2787,2705,2781,2788,2745,2681
"2022-11-02 11:45:00",389,2115,1826,1856,2034,1881,1898,2786,2705,2781,2789,2746,2681
"2022-11-02 12:00:00",390,2115,1826,1856,2034,1881,1898,2787,2706,2780,2790,2745,2680
"2022-11-02 12:15:00",391,2115,1826,1856,2034,1881,1898,2786,2705,2780,2788,2745,2680
"2022-11-02 12:30:00",392,2115,1826,1855,2034,1881,1898,2786,2707,2780,2788,2745,2680
"2022-11-02 12:45:00",393,2115,1826,1855,2034,1881,1898,2786,2704,2780,2789,2745,2680
"2022-11-02 13:00:00",394,2115,1826,1855,2034,1881,1898,2787,2705,2781,2789,2745,2680
"2022-11-02 13:15:00",395,2115,1825,1855,2033,1881,1898,2785,2704,2782,2790,2744,2680
"2022-11-02 13:30:00",396,2115,1825,1855,2033,1881,1898,2786,2704,2781,2789,2746,2679
"2022-11-02 13:45:00",397,2115,1825,1855,2033,1881,1898,2785,2705,2780,2788,2744,2680
"2022-11-02 14:00:00",398,2114,1825,1855,2033,1881,1898,2786,2705,2779,2788,2744,2680
"2022-11-02 14:15:00",399,2115,1824,1855,2033,1881,1898,2785,2704,2779,2788,2745,2680
"2022-11-02 14:30:00",400,2121,1824,1855,2033,1881,1898,2786,2704,2779,2787,2745,2678
"2022-11-02 14:45:00",401,2129,1824,1855,2033,1881,1897,2784,2705,2780,2787,2744,2678
"2022-11-02 15:00:00",402,2135,1826,1857,2033,1881,1898,2786,2705,2780,2788,2745,2680
"2022-11-02 15:15:00",403,2140,1828,1865,2033,1881,1897,2784,2703,2780,2788,2744,2678
"2022-11-02 15:30:00",404,2144,1831,1894,2033,1882,1897,2784,2704,2780,2787,2744,2679
"2022-11-02 15:45:00",405,2147,1834,1919,2033,1882,1898,2783,2703,2779,2787,2743,2678
"2022-11-02 16:00:00",406,2150,1839,1939,2034,1882,1897,2784,2703,2780,2788,2745,2679
"2022-11-02 16:15:00",407,2148,1844,1898,2034,1883,1897,2784,2703,2779,2786,2744,2677
"2022-11-02 16:30:00",408,2145,1844,1885,2034,1883,1897,2785,2702,2779,2787,2743,2677
"2022-11-02 16:45:00",409,2143,1845,1881,2034,1883,1897,2785,2703,2780,2787,2743,2678
"2022-11-02 17:00:00",410,2142,1845,1879,2035,1883,1897,2784,2703,2779,2786,2743,2678
"2022-11-02 17:15:00",411,2141,1846,1877,2035,1883,1898,2783,2703,2780,2787,2743,2678
"2022-11-02 17:30:00",412,2140,1846,1876,2035,1883,1898,2783,2703,2780,2786,2743,2678
"2022-11-02 17:45:00",413,2139,1846,1875,2035,1883,1898,2783,2702,2779,2788,2743,2677
"2022-11-02 18:00:00",414,2138,1846,1874,2036,1884,1898,2784,2703,2779,2786,2744,2677
"2022-11-02 18:15:00",415,2126,1840,1864,2036,1884,1897,2785,2704,2779,2787,2743,2679
"2022-11-03 08:15:00",416,2129,1841,1865,2037,1885,1900,2784,2704,2779,2788,2744,2678
"2022-11-03 08:30:00",417,2130,1841,1865,2037,1885,1900,2785,2704,2781,2788,2744,2679
"2022-11-03 08:45:00",418,2131,1841,1865,2037,1885,1900,2785,2704,2781,2786,2744,2679
"2022-11-03 09:00:00",419,2132,1841,1865,2037,1885,1900,2786,2704,2779,2787,2745,2679
"2022-11-03 09:15:00",420,2132,1841,1865,2037,1885,1900,2785,2705,2779,2788,2745,2680
"2022-11-03 09:30:00",421,2131,1841,1865,2037,1884,1900,2785,2703,2778,2787,2744,2680
"2022-11-03 09:45:00",422,2130,1841,1865,2037,1884,1900,2786,2706,2780,2787,2743,2678
"2022-11-03 10:00:00",423,2130,1841,1865,2037,1884,1900,2785,2704,2779,2788,2745,2678
"2022-11-03 10:15:00",424,2129,1840,1864,2037,1884,1900,2786,2704,2780,2788,2743,2679
"2022-11-03 10:30:00",425,2129,1840,1864,2037,1884,1900,2785,2704,2781,2789,2744,2680
"2022-11-03 10:45:00",426,2129,1840,1864,2037,1884,1900,2785,2704,2780,2787,2745,2680
"2022-11-03 11:00:00",427,2129,1840,1864,2037,1884,1900,2785,2706,2779,2787,2745,2679
"2022-11-03 11:15:00",428,2129,1840,1864,2037,1884,1900,2785,2704,2780,2788,2745,2680
"2022-11-03 11:30:00",429,2128,1840,1864,2037,1883,1900,2785,2705,2779,2788,2744,2679
"2022-11-03 11:45:00",430,2128,1840,1864,2037,1884,1899,2786,2703,2780,2788,2745,2679
"2022-11-03 12:00:00",431,2128,1839,1864,2037,1883,1899,2787,2705,2780,2787,2743,2679
"2022-11-03 12:15:00",432,2128,1839,1864,2037,1883,1900,2786,2703,2778,2786,2745,2678
"2022-11-03 12:30:00",433,2128,1839,1864,2037,1883,1899,2786,2704,2780,2788,2744,2678
"2022-11-03 12:45:00",434,2127,1839,1864,2037,1883,1899,2786,2703,2779,2788,2743,2678
"2022-11-03 13:00:00",435,2127,1839,1864,2037,1883,1899,2784,2704,2778,2787,2743,2678
"2022-11-03 13:15:00",436,2127,1838,1863,2037,1882,1899,2785,2702,2778,2788,2743,2679
"2022-11-03 13:30:00",437,2127,1838,1863,2037,1882,1899,2786,2702,2778,2787,2744,2677
"2022-11-03 13:45:00",438,2127,1838,1863,2037,1882,1899,2786,2703,2779,2787,2743,2678
"2022-11-03 14:00:00",439,2126,1838,1863,2036,1882,1899,2786,2706,2780,2787,2743,2677
"2022-11-03 14:15:00",440,2126,1837,1863,2036,1882,1899,2784,2702,2780,2786,2744,2679
"2022-11-03 14:30:00",441,2126,1837,1863,2036,1882,1899,2785,2703,2778,2785,2744,2677
"2022-11-03 14:45:00",442,2126,1837,1862,2036,1882,1899,2785,2703,2778,2786,2743,2677
"2022-11-03 15:00:00",443,2126,1837,1862,2036,1882,1899,2785,2703,2778,2787,2744,2677
"2022-11-03 15:15:00",444,2125,1836,1862,2036,1882,1899,2785,2704,2779,2786,2743,2678
"2022-11-03 15:30:00",445,2125,1836,1862,2036,1882,1899,2784,2703,2777,2786,2744,2678
"2022-11-03 15:45:00",446,2125,1836,1862,2036,1882,1899,2784,2703,2778,2785,2742,2677
"2022-11-03 16:00:00",447,2125,1836,1862,2036,1882,1899,2784,2702,2778,2785,2743,2676
"2022-11-03 16:15:00",448,2125,1835,1862,2036,1882,1899,2783,2704,2778,2785,2744,2678
"2022-11-03 16:30:00",449,2125,1835,1862,2036,1882,1899,2784,2702,2779,2785,2743,2677
"2022-11-03 16:45:00",450,2124,1835,1861,2036,1882,1899,2783,2701,2778,2786,2742,2676
"2022-11-03 17:00:00",451,2124,1835,1861,2035,1881,1899,2782,2701,2779,2786,2741,2676
"2022-11-03 17:15:00",452,2124,1834,1861,2035,1881,1898,2783,2702,2779,2784,2742,2677
"2022-11-03 17:30:00",453,2124,1834,1861,2035,1882,1898,2783,2701,2778,2785,2742,2677
"2022-11-03 17:45:00",454,2124,1834,1861,2035,1881,1898,2783,2701,2777,2785,2741,2675
"2022-11-04 09:30:00",455,2121,1830,1857,2033,1882,1897,2783,2704,2777,2783,2739,2675
"2022-11-04 10:00:00",456,2123,1830,1857,2034,1882,1898,2784,2702,2777,2784,2739,2676
"2022-11-04 10:15:00",457,2123,1830,1857,2034,1882,1898,2782,2702,2778,2784,2739,2676
"2022-11-04 10:30:00",458,2125,1830,1857,2034,1882,1898,2783,2702,2777,2784,2739,2676
"2022-11-04 10:45:00",459,2131,1830,1857,2034,1882,1898,2784,2702,2777,2784,2740,2675
"2022-11-04 11:00:00",460,2137,1831,1858,2034,1882,1898,2783,2702,2777,2783,2739,2676
"2022-11-04 11:15:00",461,2141,1833,1861,2034,1882,1898,2784,2701,2777,2783,2740,2675
"2022-11-04 11:30:00",462,2139,1836,1862,2034,1882,1898,2782,2702,2777,2785,2741,2675
"2022-11-04 11:45:00",463,2138,1837,1862,2034,1882,1898,2784,2702,2778,2784,2740,2675
"2022-11-04 12:00:00",464,2137,1837,1862,2034,1882,1897,2783,2702,2778,2784,2740,2675
"2022-11-04 12:15:00",465,2136,1838,1862,2034,1882,1898,2783,2702,2777,2783,2740,2674
"2022-11-04 12:30:00",466,2136,1838,1862,2035,1882,1898,2784,2702,2777,2783,2739,2676
"2022-11-04 12:45:00",467,2135,1839,1862,2035,1882,1898,2784,2702,2777,2784,2739,2675
"2022-11-04 13:00:00",468,2134,1839,1862,2035,1882,1898,2784,2702,2777,2785,2739,2674
"2022-11-04 13:15:00",469,2134,1839,1862,2035,1882,1897,2784,2702,2779,2784,2739,2675
"2022-11-04 13:30:00",470,2134,1839,1862,2035,1882,1898,2783,2702,2777,2784,2739,2675
"2022-11-04 13:45:00",471,2133,1839,1862,2035,1882,1898,2785,2702,2777,2783,2739,2676
"2022-11-04 14:00:00",472,2133,1839,1862,2035,1882,1897,2783,2702,2777,2784,2740,2676
"2022-11-04 14:15:00",473,2132,1839,1862,2035,1882,1898,2783,2701,2777,2784,2739,2677
"2022-11-04 14:30:00",474,2132,1839,1862,2035,1882,1898,2784,2701,2778,2785,2740,2676
"2022-11-04 14:45:00",475,2132,1839,1862,2035,1882,1897,2784,2701,2778,2784,2740,2674
"2022-11-04 15:00:00",476,2131,1839,1862,2035,1882,1897,2783,2702,2777,2784,2739,2675
"2022-11-04 15:15:00",477,2131,1839,1862,2035,1881,1898,2784,2701,2777,2783,2739,2675
"2022-11-04 15:30:00",478,2131,1838,1862,2035,1881,1897,2782,2702,2778,2784,2739,2675
"2022-11-04 15:45:00",479,2130,1838,1862,2035,1881,1897,2783,2701,2776,2784,2740,2674
"2022-11-04 16:00:00",480,2130,1838,1862,2035,1881,1897,2785,2702,2777,2784,2740,2674
"2022-11-04 16:15:00",481,2130,1838,1861,2035,1881,1897,2783,2701,2777,2784,2739,2674
"2022-11-04 16:30:00",482,2130,1838,1861,2035,1881,1897,2784,2703,2778,2785,2739,2675
"2022-11-04 16:45:00",483,2129,1838,1861,2035,1881,1897,2783,2701,2778,2782,2739,2675
"2022-11-04 17:00:00",484,2130,1838,1862,2035,1882,1897,2783,2701,2778,2784,2740,2674
"2022-11-04 17:30:00",485,2129,1838,1862,2035,1881,1898,2782,2702,2776,2784,2739,2675
"2022-11-04 17:45:00",486,2129,1837,1861,2035,1881,1898,2783,2701,2776,2784,2740,2674
"2022-11-04 18:30:00",487,2128,1836,1861,2034,1881,1897,2782,2702,2777,2783,2738,2675
"2022-11-05 09:45:00",488,2126,1833,1858,2034,1882,1898,2785,2702,2777,2784,2740,2673
"2022-11-05 10:00:00",489,2126,1833,1858,2034,1883,1899,2785,2703,2776,2783,2739,2674
"2022-11-05 10:15:00",490,2126,1833,1858,2034,1882,1898,2785,2703,2777,2783,2740,2672
"2022-11-05 10:30:00",491,2125,1833,1858,2034,1882,1898,2784,2702,2776,2784,2740,2673
"2022-11-05 10:45:00",492,2125,1833,1858,2034,1882,1899,2783,2702,2777,2783,2739,2673
"2022-11-05 11:00:00",493,2124,1833,1858,2034,1882,1898,2784,2702,2778,2784,2738,2673
"2022-11-05 11:15:00",494,2124,1833,1858,2034,1882,1898,2785,2702,2777,2784,2739,2673
"2022-11-05 11:30:00",495,2124,1833,1858,2034,1882,1898,2784,2702,2777,2783,2740,2673
"2022-11-05 11:45:00",496,2124,1833,1858,2034,1882,1898,2785,2702,2778,2784,2740,2673
"2022-11-05 12:00:00",497,2123,1833,1858,2034,1882,1898,2785,2702,2777,2783,2740,2672
"2022-11-05 12:15:00",498,2123,1833,1858,2034,1882,1898,2785,2702,2777,2783,2738,2673
"2022-11-05 12:30:00",499,2123,1832,1858,2034,1882,1898,2784,2702,2777,2783,2740,2673
"2022-11-05 12:45:00",500,2123,1832,1858,2034,1882,1898,2784,2702,2778,2784,2739,2673
"2022-11-05 13:00:00",501,2123,1832,1858,2034,1882,1898,2784,2702,2777,2783,2739,2674
"2022-11-05 13:15:00",502,2123,1832,1858,2034,1882,1898,2785,2702,2778,2784,2739,2673
"2022-11-05 13:30:00",503,2123,1832,1858,2034,1882,1898,2782,2702,2776,2783,2739,2672
"2022-11-05 13:45:00",504,2122,1832,1858,2034,1882,1898,2784,2701,2777,2783,2739,2673
"2022-11-05 14:00:00",505,2122,1832,1858,2034,1882,1898,2784,2702,2776,2783,2740,2673
"2022-11-05 14:15:00",506,2122,1832,1858,2034,1881,1897,2784,2702,2778,2785,2739,2672
"2022-11-05 14:30:00",507,2122,1831,1858,2034,1881,1897,2783,2701,2776,2783,2740,2674
"2022-11-05 14:45:00",508,2122,1831,1858,2034,1881,1897,2784,2702,2778,2782,2739,2672
"2022-11-05 15:00:00",509,2122,1831,1858,2034,1881,1897,2785,2702,2778,2784,2739,2672
"2022-11-05 15:15:00",510,2121,1831,1858,2034,1881,1897,2784,2702,2778,2784,2738,2673
"2022-11-05 15:30:00",511,2121,1831,1858,2034,1881,1897,2783,2701,2776,2783,2739,2672
"2022-11-05 15:45:00",512,2121,1831,1857,2034,1880,1897,2784,2701,2778,2782,2739,2672
"2022-11-05 16:00:00",513,2121,1831,1857,2034,1881,1897,2784,2701,2777,2784,2739,2672
"2022-11-05 16:15:00",514,2121,1831,1857,2034,1881,1897,2782,2701,2777,2782,2738,2672
"2022-11-05 16:30:00",515,2121,1830,1857,2033,1880,1897,2782,2701,2776,2782,2738,2672
"2022-11-05 16:45:00",516,2121,1830,1857,2033,1880,1897,2783,2701,2778,2782,2739,2673
"2022-11-05 17:00:00",517,2121,1830,1857,2033,1880,1897,2783,2702,2777,2783,2738,2673
"2022-11-05 17:15:00",518,2121,1830,1857,2033,1880,1897,2784,2701,2777,2783,2738,2673
"2022-11-05 17:30:00",519,2121,1830,1857,2033,1880,1897,2783,2701,2776,2782,2739,2673
"2022-11-05 17:45:00",520,2120,1830,1857,2033,1880,1897,2783,2701,2777,2781,2739,2673
"2022-11-05 18:00:00",521,2120,1830,1857,2033,1880,1897,2782,2703,2778,2782,2737,2673
"2022-11-05 18:15:00",522,2120,1829,1857,2033,1880,1897,2783,2701,2776,2782,2739,2671
"2022-11-06 08:00:00",523,2119,1827,1855,2032,1881,1897,2784,2701,2776,2782,2737,2672
"2022-11-06 08:45:00",524,2122,1828,1856,2033,1881,1898,2783,2703,2777,2782,2738,2673
"2022-11-06 09:00:00",525,2122,1828,1856,2034,1881,1899,2783,2702,2777,2782,2738,2673
"2022-11-06 09:15:00",526,2120,1828,1856,2033,1881,1897,2782,2701,2776,2783,2739,2673
"2022-11-06 09:45:00",527,2120,1828,1856,2034,1881,1898,2783,2701,2776,2782,2738,2672
"2022-11-06 10:00:00",528,2120,1828,1856,2034,1881,1898,2783,2702,2776,2783,2739,2672
"2022-11-06 10:15:00",529,2120,1828,1856,2034,1881,1898,2783,2702,2777,2783,2737,2673
"2022-11-06 10:30:00",530,2120,1828,1856,2034,1881,1897,2783,2702,2776,2783,2738,2673
"2022-11-06 10:45:00",531,2119,1828,1856,2034,1881,1897,2784,2701,2776,2783,2738,2671
"2022-11-06 11:00:00",532,2120,1828,1856,2034,1881,1897,2785,2702,2776,2782,2738,2672
"2022-11-06 11:15:00",533,2119,1828,1856,2034,1881,1897,2783,2702,2776,2782,2736,2672
"2022-11-06 11:30:00",534,2119,1828,1856,2034,1881,1897,2782,2703,2776,2783,2736,2672
"2022-11-06 11:45:00",535,2119,1828,1856,2034,1881,1897,2783,2701,2776,2783,2739,2673
"2022-11-06 12:00:00",536,2119,1828,1856,2034,1881,1897,2784,2702,2776,2782,2738,2672
"2022-11-06 12:15:00",537,2119,1828,1856,2034,1880,1897,2784,2702,2775,2782,2737,2672
"2022-11-06 12:30:00",538,2119,1828,1856,2034,1881,1897,2784,2701,2777,2782,2737,2672
"2022-11-06 12:45:00",539,2119,1828,1856,2034,1880,1897,2784,2702,2776,2784,2738,2672
"2022-11-06 13:00:00",540,2119,1828,1856,2034,1880,1897,2784,2702,2777,2782,2737,2671
"2022-11-06 13:15:00",541,2119,1828,1856,2034,1880,1897,2783,2702,2776,2781,2738,2672
"2022-11-06 13:30:00",542,2119,1827,1856,2034,1880,1897,2784,2701,2776,2783,2737,2671
"2022-11-06 13:45:00",543,2119,1827,1856,2033,1880,1897,2783,2701,2775,2782,2738,2671
"2022-11-06 14:00:00",544,2119,1827,1856,2033,1880,1897,2783,2700,2775,2782,2736,2671
"2022-11-06 14:15:00",545,2119,1827,1856,2033,1880,1896,2784,2702,2775,2782,2738,2672
"2022-11-06 14:30:00",546,2118,1827,1855,2033,1880,1896,2785,2701,2777,2783,2737,2671
"2022-11-06 14:45:00",547,2118,1827,1855,2033,1880,1896,2783,2703,2775,2783,2737,2671
"2022-11-06 15:00:00",548,2118,1827,1855,2033,1879,1896,2784,2701,2775,2781,2738,2672
"2022-11-06 15:15:00",549,2118,1826,1855,2033,1879,1896,2784,2703,2775,2782,2736,2673
"2022-11-06 15:30:00",550,2118,1826,1855,2033,1879,1896,2784,2701,2776,2782,2736,2672
"2022-11-06 15:45:00",551,2118,1826,1855,2033,1879,1896,2784,2700,2775,2782,2736,2671
"2022-11-06 16:00:00",552,2118,1826,1855,2033,1879,1896,2782,2701,2777,2781,2736,2671
"2022-11-06 16:15:00",553,2118,1826,1855,2033,1878,1896,2783,2701,2775,2782,2737,2671
"2022-11-06 16:30:00",554,2117,1826,1855,2033,1878,1896,2784,2700,2777,2781,2737,2671
"2022-11-06 17:00:00",555,2116,1825,1854,2032,1878,1895,2782,2700,2774,2782,2737,2672
"2022-11-06 18:00:00",556,2117,1825,1854,2032,1879,1895,2782,2701,2776,2781,2735,2671
"2022-11-06 18:15:00",557,2116,1824,1854,2031,1879,1894,2782,2700,2775,2781,2735,2670
"2022-11-06 18:30:00",558,2116,1824,1854,2032,1879,1895,2782,2701,2776,2782,2736,2671
"2022-11-07 08:00:00",559,2115,1822,1851,2030,1878,1893,2783,2700,2771,2781,2736,2671
"2022-11-07 08:45:00",560,2118,1823,1852,2031,1879,1894,2782,2700,2774,2780,2734,2670
"2022-11-07 09:00:00",561,2118,1823,1852,2031,1879,1894,2782,2702,2774,2780,2735,2670
"2022-11-07 09:15:00",562,2119,1823,1853,2031,1879,1896,2783,2700,2774,2780,2735,2671
"2022-11-07 09:30:00",563,2119,1823,1853,2031,1879,1896,2783,2700,2776,2780,2735,2671
"2022-11-07 09:45:00",564,2118,1823,1853,2032,1879,1896,2782,2700,2776,2782,2736,2670
"2022-11-07 10:00:00",565,2117,1823,1853,2032,1879,1896,2782,2700,2775,2781,2734,2671
"2022-11-07 10:15:00",566,2117,1823,1853,2032,1879,1895,2782,2701,2774,2781,2735,2670
"2022-11-07 10:30:00",567,2116,1823,1853,2032,1879,1895,2782,2701,2774,2781,2736,2671
"2022-11-07 10:45:00",568,2116,1823,1853,2032,1879,1895,2783,2700,2776,2781,2736,2671
"2022-11-07 11:00:00",569,2116,1823,1853,2032,1878,1895,2783,2702,2775,2782,2735,2671
"2022-11-07 11:15:00",570,2116,1823,1853,2032,1878,1895,2784,2700,2775,2781,2734,2670
"2022-11-07 11:30:00",571,2116,1823,1853,2032,1878,1894,2784,2701,2774,2781,2735,2671
"2022-11-07 11:45:00",572,2116,1823,1853,2031,1878,1894,2782,2700,2775,2780,2736,2671
"2022-11-07 12:00:00",573,2116,1823,1853,2032,1878,1894,2783,2700,2775,2781,2734,2670
"2022-11-07 12:15:00",574,2116,1823,1853,2031,1878,1894,2782,2700,2774,2781,2736,2670
"2022-11-07 12:30:00",575,2115,1823,1853,2031,1878,1894,2783,2700,2774,2781,2736,2671
"2022-11-07 12:45:00",576,2115,1823,1852,2031,1877,1894,2783,2700,2775,2781,2734,2669
"2022-11-07 13:00:00",577,2116,1823,1852,2031,1877,1894,2783,2700,2775,2782,2736,2670
"2022-11-07 13:15:00",578,2115,1822,1853,2031,1877,1894,2783,2700,2774,2780,2734,2669
"2022-11-07 13:30:00",579,2115,1822,1852,2031,1877,1894,2783,2700,2774,2780,2734,2670
"2022-11-07 13:45:00",580,2115,1822,1852,2031,1877,1894,2783,2700,2774,2780,2735,2669
"2022-11-07 14:00:00",581,2115,1822,1852,2031,1877,1894,2782,2700,2775,2780,2735,2669
"2022-11-07 14:15:00",582,2115,1822,1852,2031,1877,1894,2782,2700,2774,2780,2734,2670
"2022-11-07 14:30:00",583,2115,1822,1852,2031,1877,1894,2781,2699,2775,2780,2735,2670
"2022-11-07 14:45:00",584,2115,1821,1852,2031,1877,1894,2783,2701,2775,2780,2734,2669
"2022-11-07 15:00:00",585,2115,1821,1852,2031,1876,1893,2782,2699,2775,2780,2735,2670
"2022-11-07 15:15:00",586,2113,1820,1852,2030,1876,1892,2780,2699,2771,2780,2735,2670
"2022-11-07 15:30:00",587,2114,1820,1852,2030,1876,1893,2781,2699,2772,2779,2735,2669
"2022-11-07 15:45:00",588,2113,1820,1851,2030,1875,1892,2781,2700,2773,2779,2735,2669
"2022-11-07 16:00:00",589,2113,1820,1851,2030,1875,1892,2781,2699,2771,2780,2734,2668
"2022-11-07 16:30:00",590,2114,1820,1852,2031,1876,1894,2781,2698,2773,2780,2735,2670
"2022-11-07 16:45:00",591,2115,1820,1852,2031,1876,1894,2781,2698,2774,2778,2733,2669
"2022-11-07 17:00:00",592,2113,1819,1851,2030,1876,1892,2782,2699,2774,2780,2733,2670
"2022-11-07 17:15:00",593,2113,1819,1851,2030,1876,1892,2780,2698,2772,2779,2733,2669
"2022-11-07 18:30:00",594,2114,1818,1851,2030,1876,1893,2780,2699,2772,2779,2733,2668
"2022-11-08 08:00:00",595,2108,1815,1848,2028,1875,1890,2779,2698,2771,2777,2732,2667
"2022-11-08 08:15:00",596,2111,1815,1848,2029,1876,1892,2780,2698,2773,2778,2732,2668
"2022-11-08 08:30:00",597,2112,1815,1849,2029,1876,1893,2778,2698,2772,2778,2732,2668
"2022-11-08 08:45:00",598,2113,1815,1849,2029,1876,1893,2779,2698,2773,2776,2732,2668
"2022-11-08 09:00:00",599,2114,1815,1849,2029,1876,1893,2779,2698,2773,2778,2732,2668
"2022-11-08 09:15:00",600,2115,1815,1849,2029,1876,1892,2778,2698,2774,2777,2733,2669
"2022-11-08 09:30:00",601,2115,1815,1849,2029,1876,1892,2780,2698,2774,2777,2733,2668
"2022-11-08 09:45:00",602,2116,1815,1849,2029,1875,1892,2778,2699,2772,2777,2733,2667
"2022-11-08 10:00:00",603,2116,1815,1849,2029,1875,1892,2778,2698,2772,2776,2732,2668
"2022-11-08 10:15:00",604,2116,1815,1849,2029,1875,1892,2779,2698,2772,2778,2733,2667
"2022-11-08 10:30:00",605,2116,1815,1849,2029,1875,1892,2779,2697,2773,2777,2731,2667
"2022-11-08 10:45:00",606,2115,1815,1849,2029,1875,1891,2779,2698,2773,2777,2731,2669
"2022-11-08 11:00:00",607,2115,1815,1849,2029,1875,1891,2778,2698,2772,2777,2732,2668
"2022-11-08 11:15:00",608,2117,1815,1849,2029,1875,1891,2778,2697,2774,2778,2732,2667
"2022-11-08 11:30:00",609,2140,1815,1849,2037,1875,1891,2780,2698,2772,2777,2732,2668
"2022-11-08 11:45:00",610,2156,1817,1849,2044,1876,1891,2779,2697,2774,2777,2732,2667
"2022-11-08 12:00:00",611,2144,1819,1849,2050,1877,1891,2778,2697,2772,2776,2731,2667
"2022-11-08 12:15:00",612,2139,1820,1849,2050,1878,1891,2778,2696,2772,2777,2733,2667
"2022-11-08 12:30:00",613,2136,1821,1849,2049,1878,1891,2779,2697,2773,2776,2731,2667
"2022-11-08 12:45:00",614,2135,1822,1849,2048,1878,1891,2779,2697,2773,2776,2731,2667
"2022-11-08 13:00:00",615,2133,1822,1849,2047,1878,1892,2779,2697,2772,2776,2733,2668
"2022-11-08 13:15:00",616,2132,1822,1849,2046,1878,1891,2780,2698,2774,2777,2731,2668
"2022-11-08 13:30:00",617,2132,1822,1850,2045,1878,1891,2780,2698,2774,2777,2732,2667
"2022-11-08 13:45:00",618,2131,1822,1849,2044,1878,1892,2780,2698,2772,2778,2731,2667
"2022-11-08 14:00:00",619,2130,1822,1850,2043,1878,1892,2779,2697,2773,2777,2731,2668
"2022-11-08 14:15:00",620,2129,1822,1850,2043,1877,1892,2780,2698,2773,2778,2731,2668
"2022-11-08 14:30:00",621,2129,1821,1850,2042,1878,1892,2780,2698,2773,2777,2731,2668
"2022-11-08 14:45:00",622,2128,1821,1850,2041,1877,1892,2780,2698,2772,2778,2732,2668
"2022-11-08 15:00:00",623,2127,1821,1850,2041,1877,1891,2781,2698,2772,2778,2733,2667
"2022-11-08 15:15:00",624,2127,1821,1850,2040,1877,1891,2780,2697,2773,2777,2732,2667
"2022-11-08 15:30:00",625,2126,1820,1850,2039,1877,1891,2781,2698,2773,2777,2732,2668
"2022-11-08 15:45:00",626,2126,1820,1850,2039,1877,1892,2780,2698,2774,2778,2731,2668
"2022-11-09 09:45:00",627,2108,1815,1848,2030,1876,1892,2779,2697,2772,2776,2732,2667
"2022-11-09 10:00:00",628,2111,1816,1848,2030,1876,1892,2780,2698,2772,2777,2731,2668
"2022-11-09 10:30:00",629,2111,1815,1847,2029,1875,1892,2779,2698,2772,2778,2731,2668
"2022-11-09 10:45:00",630,2112,1815,1847,2029,1875,1892,2780,2698,2771,2778,2732,2668
"2022-11-09 13:00:00",631,2152,1831,1926,2031,1876,1892,2778,2699,2771,2778,2733,2669
"2022-11-09 14:00:00",632,2144,1841,1874,2033,1877,1893,2780,2698,2772,2778,2732,2668
"2022-11-09 14:15:00",633,2143,1841,1872,2033,1877,1893,2779,2697,2773,2776,2733,2668
"2022-11-09 14:30:00",634,2142,1841,1871,2033,1877,1893,2780,2698,2772,2778,2731,2669
"2022-11-09 14:45:00",635,2143,1842,1871,2034,1878,1893,2780,2698,2772,2777,2733,2668
"2022-11-10 08:30:00",636,2129,1839,1862,2036,1881,1895,2789,2703,2776,2788,2739,2674
"2022-11-10 08:45:00",637,2132,1839,1863,2037,1882,1894,2789,2705,2774,2787,2739,2674
"2022-11-10 09:15:00",638,2133,1839,1862,2037,1881,1895,2789,2704,2775,2787,2740,2675
"2022-11-10 09:30:00",639,2133,1839,1862,2037,1882,1895,2790,2702,2776,2788,2740,2674
"2022-11-10 09:45:00",640,2132,1839,1862,2037,1882,1895,2789,2702,2776,2789,2740,2673
"2022-11-10 10:00:00",641,2132,1838,1862,2037,1881,1895,2789,2702,2774,2788,2739,2672
"2022-11-10 10:15:00",642,2131,1839,1862,2037,1882,1896,2790,2703,2774,2788,2738,2674
"2022-11-10 10:30:00",643,2131,1838,1862,2037,1882,1896,2789,2702,2774,2788,2738,2674
"2022-11-10 10:45:00",644,2130,1838,1862,2037,1882,1896,2789,2701,2775,2787,2739,2673
"2022-11-10 11:00:00",645,2130,1838,1862,2037,1881,1896,2790,2702,2776,2787,2740,2673
"2022-11-10 11:15:00",646,2130,1838,1862,2037,1881,1896,2789,2702,2774,2788,2738,2674
"2022-11-10 11:45:00",647,2130,1838,1862,2038,1882,1896,2789,2702,2775,2788,2738,2674
"2022-11-10 12:00:00",648,2130,1838,1862,2038,1882,1896,2789,2701,2774,2787,2738,2674
"2022-11-10 12:15:00",649,2130,1838,1862,2038,1881,1897,2789,2702,2775,2787,2739,2674
"2022-11-10 12:30:00",650,2130,1838,1862,2038,1881,1896,2789,2703,2774,2788,2739,2673
"2022-11-10 12:45:00",651,2130,1837,1862,2038,1881,1897,2788,2701,2775,2787,2738,2674
"2022-11-10 13:00:00",652,2129,1837,1862,2037,1881,1896,2789,2701,2776,2786,2739,2673
"2022-11-10 13:15:00",653,2129,1837,1862,2037,1881,1896,2789,2701,2774,2788,2739,2674
"2022-11-10 13:30:00",654,2129,1837,1862,2037,1881,1896,2787,2702,2774,2787,2739,2673
"2022-11-10 13:45:00",655,2129,1837,1862,2037,1881,1896,2788,2701,2774,2787,2739,2674
"2022-11-10 14:00:00",656,2129,1837,1861,2037,1881,1896,2789,2701,2774,2786,2739,2674
"2022-11-10 14:15:00",657,2129,1836,1861,2037,1881,1896,2787,2701,2774,2787,2738,2674
"2022-11-10 14:30:00",658,2129,1836,1861,2037,1881,1896,2787,2701,2775,2786,2739,2673
"2022-11-10 14:45:00",659,2129,1836,1861,2037,1881,1896,2787,2701,2774,2787,2740,2672
"2022-11-10 15:00:00",660,2128,1836,1861,2037,1881,1896,2788,2702,2774,2787,2739,2673
"2022-11-10 15:15:00",661,2129,1836,1861,2037,1881,1896,2786,2701,2774,2787,2738,2674
"2022-11-10 15:30:00",662,2128,1836,1861,2037,1881,1896,2788,2702,2774,2787,2740,2673
"2022-11-10 15:45:00",663,2128,1835,1861,2037,1881,1896,2786,2701,2774,2785,2740,2673
"2022-11-10 16:00:00",664,2128,1835,1860,2037,1881,1895,2787,2702,2774,2786,2739,2672
"2022-11-10 16:15:00",665,2128,1835,1860,2037,1880,1895,2787,2702,2774,2785,2739,2673
"2022-11-10 16:30:00",666,2128,1835,1860,2037,1880,1895,2786,2701,2773,2785,2740,2673
"2022-11-10 16:45:00",667,2128,1835,1860,2037,1880,1895,2785,2702,2773,2786,2738,2673
"2022-11-10 17:00:00",668,2128,1835,1860,2037,1880,1896,2787,2701,2773,2786,2739,2672
"2022-11-10 17:15:00",669,2127,1835,1860,2036,1880,1893,2785,2702,2773,2786,2738,2672
"2022-11-11 09:30:00",670,2126,1831,1857,2035,1880,1894,2785,2700,2774,2786,2738,2673
"2022-11-11 09:45:00",671,2127,1831,1857,2035,1880,1894,2786,2700,2773,2786,2738,2673
"2022-11-11 10:00:00",672,2127,1831,1857,2035,1880,1895,2785,2700,2773,2784,2738,2672
"2022-11-11 10:15:00",673,2127,1831,1857,2035,1880,1895,2785,2700,2773,2784,2737,2672
"2022-11-11 10:30:00",674,2126,1831,1857,2035,1880,1895,2785,2701,2773,2786,2738,2672
"2022-11-11 10:45:00",675,2126,1830,1856,2034,1879,1891,2785,2703,2772,2784,2737,2671
"2022-11-11 11:15:00",676,2126,1831,1856,2035,1880,1895,2785,2700,2774,2786,2738,2672
"2022-11-11 11:30:00",677,2126,1831,1857,2036,1880,1895,2786,2701,2773,2785,2738,2673
"2022-11-11 12:15:00",678,2126,1830,1856,2035,1880,1893,2785,2702,2773,2786,2737,2672
"2022-11-11 12:30:00",679,2126,1831,1857,2036,1880,1896,2784,2701,2774,2784,2738,2673
"2022-11-11 12:45:00",680,2125,1830,1856,2035,1879,1895,2785,2700,2773,2784,2738,2674
"2022-11-11 13:15:00",681,2125,1830,1857,2036,1880,1896,2784,2702,2772,2785,2738,2672
"2022-11-11 13:30:00",682,2125,1830,1857,2036,1880,1896,2785,2700,2774,2785,2738,2672
"2022-11-11 13:45:00",683,2125,1830,1857,2035,1880,1895,2786,2699,2773,2785,2737,2672
"2022-11-11 14:15:00",684,2125,1830,1857,2036,1880,1895,2785,2700,2774,2784,2737,2671
"2022-11-11 14:30:00",685,2124,1830,1856,2035,1879,1894,2784,2700,2772,2784,2737,2673
"2022-11-11 14:45:00",686,2124,1829,1856,2034,1879,1894,2784,2699,2773,2785,2737,2672
"2022-11-11 15:00:00",687,2123,1829,1856,2034,1879,1894,2784,2700,2772,2784,2738,2673
"2022-11-11 17:30:00",688,2124,1828,1855,2034,1879,1894,2784,2698,2772,2784,2736,2671
"2022-11-12 10:15:00",689,2150,1877,1887,2062,1903,1907,2890,2734,2828,2915,2846,2725
"2022-11-12 10:30:00",690,2149,1876,1885,2061,1903,1904,2889,2733,2827,2912,2846,2725
"2022-11-12 11:00:00",691,2149,1876,1887,2062,1903,1908,2884,2732,2825,2910,2843,2727
"2022-11-12 11:15:00",692,2148,1876,1887,2062,1903,1907,2883,2733,2823,2910,2842,2728
"2022-11-12 11:30:00",693,2147,1876,1886,2062,1904,1908,2881,2732,2821,2908,2843,2728
"2022-11-12 12:15:00",694,2146,1876,1886,2061,1904,1909,2875,2731,2819,2905,2839,2729
"2022-11-12 12:30:00",695,2146,1875,1886,2061,1903,1909,2874,2731,2817,2903,2839,2729
"2022-11-12 12:45:00",696,2146,1875,1885,2061,1904,1909,2872,2731,2817,2900,2838,2729
"2022-11-12 13:00:00",697,2145,1874,1885,2061,1903,1909,2871,2730,2815,2902,2837,2728
"2022-11-12 14:15:00",698,2144,1873,1884,2060,1903,1910,2864,2732,2811,2894,2835,2729
"2022-11-12 14:30:00",699,2144,1873,1884,2061,1903,1909,2863,2730,2811,2892,2834,2728
"2022-11-12 15:00:00",700,2143,1872,1883,2060,1903,1909,2859,2729,2810,2890,2833,2728
"2022-11-12 15:30:00",701,2143,1871,1883,2059,1902,1910,2857,2728,2808,2889,2830,2727
"2022-11-12 15:45:00",702,2142,1871,1882,2059,1902,1909,2855,2728,2807,2886,2830,2728
"2022-11-12 17:30:00",703,2142,1869,1881,2057,1902,1908,2846,2726,2803,2879,2825,2726
"2022-11-12 18:00:00",704,2142,1868,1881,2057,1902,1908,2845,2726,2802,2879,2824,2726
"2022-11-12 18:15:00",705,2141,1867,1879,2056,1901,1906,2843,2727,2800,2878,2824,2725
"2022-11-12 18:30:00",706,2141,1868,1880,2057,1901,1909,2843,2725,2801,2877,2823,2725
"2022-11-13 07:45:00",707,2139,1861,1874,2052,1898,1907,2815,2718,2790,2846,2798,2716
"2022-11-13 08:00:00",708,2138,1861,1874,2052,1898,1905,2814,2719,2790,2846,2799,2714
"2022-11-13 08:15:00",709,2137,1860,1874,2052,1898,1906,2813,2717,2790,2847,2799,2715
"2022-11-13 08:30:00",710,2137,1860,1874,2052,1898,1906,2813,2719,2790,2845,2797,2714
"2022-11-13 08:45:00",711,2137,1860,1874,2052,1898,1906,2813,2717,2789,2845,2796,2715
"2022-11-13 09:00:00",712,2136,1860,1874,2052,1897,1907,2813,2717,2788,2845,2796,2714
"2022-11-13 09:15:00",713,2136,1860,1874,2052,1897,1907,2812,2718,2788,2845,2797,2713
"2022-11-13 09:30:00",714,2136,1860,1874,2052,1897,1907,2812,2717,2788,2844,2797,2714
"2022-11-13 09:45:00",715,2135,1859,1873,2051,1896,1904,2813,2717,2788,2843,2797,2714
"2022-11-13 10:00:00",716,2136,1860,1874,2052,1897,1905,2811,2717,2788,2845,2797,2714
"2022-11-13 10:15:00",717,2135,1859,1873,2051,1896,1904,2812,2716,2788,2844,2796,2713
"2022-11-13 10:30:00",718,2136,1859,1873,2051,1897,1907,2811,2716,2787,2842,2795,2713
"2022-11-13 10:45:00",719,2135,1859,1873,2051,1896,1904,2811,2716,2786,2843,2796,2712
"2022-11-13 11:15:00",720,2136,1859,1874,2052,1897,1907,2810,2717,2788,2842,2793,2713
"2022-11-13 11:30:00",721,2136,1859,1873,2052,1897,1906,2810,2716,2788,2842,2793,2712
"2022-11-13 11:45:00",722,2136,1859,1873,2052,1896,1906,2811,2715,2788,2841,2794,2712
"2022-11-13 12:00:00",723,2136,1859,1873,2052,1896,1906,2810,2716,2787,2840,2794,2711
"2022-11-13 12:30:00",724,2136,1858,1873,2051,1896,1905,2809,2715,2786,2839,2794,2711
"2022-11-13 12:45:00",725,2136,1858,1873,2051,1896,1905,2809,2714,2786,2840,2794,2711
"2022-11-13 13:00:00",726,2136,1858,1873,2051,1896,1905,2808,2714,2787,2839,2792,2710
"2022-11-13 13:15:00",727,2135,1857,1872,2051,1896,1904,2808,2715,2786,2839,2791,2708
"2022-11-13 13:30:00",728,2135,1857,1872,2051,1895,1905,2809,2714,2785,2839,2791,2710
"2022-11-13 13:45:00",729,2135,1857,1872,2051,1895,1905,2808,2714,2785,2839,2791,2708
"2022-11-13 14:00:00",730,2135,1857,1872,2051,1895,1905,2808,2716,2786,2837,2791,2709
"2022-11-13 14:15:00",731,2134,1856,1872,2050,1895,1904,2807,2714,2785,2837,2791,2708
"2022-11-13 14:30:00",732,2135,1857,1872,2050,1895,1904,2807,2716,2785,2837,2789,2709
"2022-11-13 14:45:00",733,2135,1856,1872,2050,1895,1904,2806,2713,2785,2836,2790,2709
"2022-11-13 15:00:00",734,2134,1856,1871,2050,1894,1904,2807,2715,2785,2836,2789,2707
"2022-11-13 15:45:00",735,2134,1855,1871,2049,1894,1903,2805,2713,2785,2834,2788,2706
"2022-11-13 16:00:00",736,2135,1855,1871,2050,1894,1904,2804,2714,2785,2834,2788,2707
"2022-11-13 16:30:00",737,2134,1855,1871,2049,1894,1903,2804,2713,2783,2835,2787,2706
"2022-11-13 16:45:00",738,2133,1854,1870,2048,1894,1901,2805,2713,2784,2834,2786,2705
"2022-11-13 17:00:00",739,2134,1855,1871,2049,1894,1903,2804,2712,2784,2832,2786,2704
"2022-11-13 17:15:00",740,2134,1855,1871,2050,1893,1904,2804,2713,2784,2832,2786,2705
"2022-11-13 17:30:00",741,2133,1854,1870,2048,1893,1903,2803,2712,2783,2831,2785,2705
"2022-11-13 17:45:00",742,2134,1854,1870,2049,1893,1904,2804,2713,2784,2833,2785,2705
"2022-11-13 18:00:00",743,2132,1853,1869,2047,1893,1901,2802,2712,2781,2831,2785,2705
"2022-11-14 08:30:00",744,2134,1850,1866,2045,1891,1902,2795,2711,2778,2820,2772,2699
"2022-11-14 08:45:00",745,2134,1850,1866,2045,1891,1902,2795,2708,2779,2820,2773,2698
"2022-11-14 09:00:00",746,2134,1850,1866,2046,1892,1902,2796,2708,2779,2819,2773,2697
"2022-11-14 09:15:00",747,2133,1850,1866,2046,1892,1902,2796,2709,2779,2820,2773,2698
"2022-11-14 09:30:00",748,2132,1850,1866,2046,1891,1902,2795,2708,2779,2819,2771,2697
"2022-11-14 09:45:00",749,2132,1850,1866,2046,1891,1903,2795,2708,2780,2820,2771,2697
"2022-11-14 10:00:00",750,2132,1850,1866,2046,1891,1903,2796,2709,2780,2819,2771,2697
"2022-11-14 10:15:00",751,2132,1850,1866,2046,1891,1903,2795,2707,2780,2819,2771,2699
"2022-11-14 10:30:00",752,2132,1849,1866,2046,1891,1903,2795,2708,2779,2820,2773,2698
"2022-11-14 10:45:00",753,2131,1849,1866,2046,1891,1902,2795,2707,2778,2819,2772,2698
"2022-11-14 11:00:00",754,2131,1849,1866,2045,1891,1902,2795,2707,2779,2820,2772,2698
"2022-11-14 11:15:00",755,2131,1849,1866,2046,1891,1902,2795,2707,2778,2819,2771,2696
"2022-11-14 11:30:00",756,2136,1849,1866,2045,1890,1903,2795,2708,2778,2820,2772,2696
"2022-11-14 11:45:00",757,2166,1850,1866,2047,1891,1902,2794,2708,2778,2819,2771,2697
"2022-11-14 12:00:00",758,2165,1854,1867,2051,1891,1902,2795,2708,2777,2819,2771,2696
"2022-11-14 12:15:00",759,2154,1856,1869,2051,1891,1902,2794,2707,2777,2818,2770,2697
"2022-11-14 12:30:00",760,2151,1857,1870,2051,1891,1902,2795,2707,2778,2819,2771,2696
"2022-11-14 12:45:00",761,2149,1858,1870,2051,1891,1902,2795,2707,2778,2819,2770,2695
"2022-11-14 13:00:00",762,2147,1858,1871,2050,1891,1902,2794,2707,2778,2817,2771,2697
"2022-11-14 13:15:00",763,2146,1858,1871,2050,1891,1902,2795,2707,2777,2818,2771,2696
"2022-11-14 13:30:00",764,2146,1858,1871,2050,1891,1902,2794,2707,2779,2818,2769,2696
"2022-11-14 13:45:00",765,2145,1858,1871,2050,1891,1902,2795,2708,2779,2818,2770,2696
"2022-11-14 14:00:00",766,2144,1859,1871,2049,1891,1901,2794,2707,2778,2817,2770,2695
"2022-11-14 14:15:00",767,2144,1858,1871,2049,1891,1902,2795,2707,2778,2816,2771,2695
"2022-11-14 14:30:00",768,2143,1858,1871,2049,1891,1901,2795,2707,2777,2818,2770,2695
"2022-11-14 14:45:00",769,2142,1858,1871,2049,1891,1901,2795,2708,2777,2817,2770,2696
"2022-11-14 15:00:00",770,2142,1858,1871,2049,1891,1902,2794,2707,2777,2818,2769,2694
"2022-11-14 15:15:00",771,2141,1857,1871,2048,1891,1901,2795,2709,2777,2818,2770,2695
"2022-11-14 15:30:00",772,2141,1857,1871,2048,1890,1901,2794,2707,2777,2818,2770,2694
"2022-11-14 15:45:00",773,2141,1857,1871,2048,1890,1901,2793,2707,2777,2817,2770,2694
"2022-11-14 16:00:00",774,2140,1857,1871,2048,1890,1901,2794,2709,2777,2816,2769,2693
"2022-11-14 16:15:00",775,2140,1857,1871,2048,1890,1901,2794,2707,2777,2816,2769,2694
"2022-11-14 16:30:00",776,2139,1856,1870,2048,1890,1901,2795,2707,2778,2816,2769,2694
"2022-11-14 16:45:00",777,2139,1856,1870,2047,1890,1901,2794,2707,2778,2817,2768,2693
"2022-11-14 17:00:00",778,2139,1856,1870,2047,1890,1901,2794,2706,2777,2816,2768,2695
"2022-11-14 17:15:00",779,2138,1855,1870,2047,1890,1901,2793,2708,2777,2816,2770,2695
"2022-11-14 17:30:00",780,2138,1855,1870,2047,1890,1901,2794,2707,2776,2817,2769,2695
"2022-11-14 17:45:00",781,2138,1855,1870,2047,1890,1901,2793,2707,2778,2814,2769,2694
"2022-11-14 18:00:00",782,2137,1855,1869,2047,1889,1901,2792,2706,2778,2815,2769,2694
"2022-11-15 08:15:00",783,2131,1849,1865,2043,1889,1899,2789,2708,2773,2810,2762,2690
"2022-11-15 08:45:00",784,2133,1849,1865,2043,1890,1900,2790,2705,2776,2811,2763,2690
"2022-11-15 09:00:00",785,2134,1849,1865,2043,1890,1901,2789,2705,2775,2809,2762,2690
"2022-11-15 09:15:00",786,2135,1849,1865,2043,1889,1901,2789,2706,2775,2811,2762,2690
"2022-11-15 09:30:00",787,2135,1849,1865,2043,1889,1901,2789,2705,2776,2810,2762,2691
"2022-11-15 09:45:00",788,2134,1849,1865,2043,1889,1901,2790,2705,2776,2810,2762,2691
"2022-11-15 10:00:00",789,2134,1849,1865,2043,1889,1901,2789,2705,2775,2810,2763,2691
"2022-11-15 10:15:00",790,2134,1848,1865,2043,1889,1901,2788,2704,2775,2810,2763,2690
"2022-11-15 10:30:00",791,2133,1848,1865,2043,1889,1901,2789,2705,2776,2809,2763,2689
"2022-11-15 10:45:00",792,2133,1848,1865,2043,1889,1901,2790,2705,2775,2809,2762,2689
"2022-11-15 11:00:00",793,2133,1848,1865,2043,1888,1900,2790,2705,2775,2809,2762,2689
"2022-11-15 11:15:00",794,2132,1848,1865,2043,1888,1901,2789,2705,2775,2809,2761,2689
"2022-11-15 11:30:00",795,2132,1848,1865,2043,1888,1901,2789,2705,2774,2808,2761,2689
"2022-11-15 11:45:00",796,2132,1848,1865,2043,1888,1900,2788,2705,2776,2808,2762,2688
"2022-11-15 12:00:00",797,2132,1847,1865,2043,1888,1900,2788,2705,2775,2807,2762,2689
"2022-11-15 12:15:00",798,2132,1847,1865,2043,1888,1901,2788,2704,2775,2808,2762,2688
"2022-11-15 12:30:00",799,2132,1847,1865,2043,1888,1900,2788,2705,2775,2807,2761,2689
"2022-11-15 12:45:00",800,2131,1847,1865,2043,1888,1900,2787,2704,2776,2809,2761,2689
"2022-11-15 13:00:00",801,2131,1847,1865,2043,1888,1900,2788,2704,2776,2808,2761,2688
"2022-11-15 13:15:00",802,2131,1847,1864,2043,1887,1900,2787,2705,2776,2808,2762,2689
"2022-11-15 13:30:00",803,2131,1846,1864,2042,1887,1900,2788,2704,2775,2808,2760,2689
"2022-11-15 13:45:00",804,2131,1846,1864,2042,1887,1899,2787,2704,2775,2807,2761,2688
"2022-11-15 14:00:00",805,2131,1846,1864,2042,1887,1899,2788,2704,2774,2809,2761,2688
"2022-11-15 14:15:00",806,2131,1846,1864,2042,1887,1899,2786,2704,2775,2807,2760,2687
"2022-11-15 14:30:00",807,2130,1846,1864,2042,1887,1899,2786,2703,2774,2806,2760,2688
"2022-11-15 14:45:00",808,2130,1846,1864,2042,1887,1899,2786,2704,2774,2807,2760,2687
"2022-11-15 15:00:00",809,2130,1845,1864,2042,1887,1899,2786,2703,2775,2808,2760,2687
"2022-11-15 15:15:00",810,2130,1845,1864,2042,1886,1898,2787,2703,2773,2807,2761,2688
"2022-11-15 15:30:00",811,2130,1845,1863,2042,1886,1898,2786,2703,2775,2806,2761,2687
"2022-11-15 15:45:00",812,2130,1844,1863,2041,1886,1898,2786,2702,2775,2806,2759,2688
"2022-11-15 16:00:00",813,2130,1844,1863,2041,1886,1898,2785,2704,2774,2805,2760,2687
"2022-11-15 16:15:00",814,2130,1844,1863,2041,1886,1898,2785,2704,2773,2806,2758,2686
"2022-11-15 16:30:00",815,2130,1844,1863,2041,1885,1898,2785,2703,2775,2805,2760,2686
"2022-11-15 16:45:00",816,2130,1844,1863,2041,1886,1898,2785,2702,2774,2804,2760,2686
"2022-11-15 17:00:00",817,2130,1843,1863,2041,1885,1898,2785,2703,2774,2804,2759,2686
"2022-11-15 17:15:00",818,2129,1843,1863,2041,1885,1898,2786,2702,2773,2805,2759,2685
"2022-11-15 17:30:00",819,2130,1843,1863,2041,1885,1898,2785,2702,2774,2804,2759,2685
"2022-11-15 17:45:00",820,2129,1843,1863,2041,1885,1898,2785,2701,2774,2804,2758,2686
"2022-11-15 18:00:00",821,2130,1842,1862,2040,1885,1898,2782,2701,2774,2803,2757,2685
"2022-11-15 18:15:00",822,2129,1842,1862,2040,1885,1898,2782,2703,2774,2804,2757,2685
"2022-11-16 08:15:00",823,2120,1838,1859,2038,1885,1897,2781,2700,2772,2799,2751,2682
"2022-11-16 08:30:00",824,2122,1839,1859,2039,1885,1897,2781,2700,2772,2797,2752,2681
"2022-11-16 08:45:00",825,2124,1839,1860,2039,1885,1896,2781,2700,2771,2798,2752,2682
"2022-11-16 09:00:00",826,2125,1839,1860,2039,1885,1897,2780,2701,2769,2798,2750,2681
"2022-11-16 09:15:00",827,2126,1839,1860,2039,1885,1897,2781,2700,2771,2799,2751,2682
"2022-11-16 09:30:00",828,2127,1839,1860,2039,1884,1898,2780,2700,2773,2798,2752,2682
"2022-11-16 09:45:00",829,2128,1839,1860,2039,1884,1898,2781,2700,2772,2797,2752,2680
"2022-11-16 10:00:00",830,2128,1839,1860,2039,1884,1898,2781,2700,2772,2798,2751,2682
"2022-11-16 10:15:00",831,2128,1838,1859,2039,1884,1898,2782,2700,2771,2797,2750,2681
"2022-11-16 10:30:00",832,2129,1838,1859,2039,1884,1898,2780,2700,2772,2798,2751,2680
"2022-11-16 10:45:00",833,2129,1838,1859,2039,1884,1898,2781,2700,2771,2798,2750,2680
"2022-11-16 11:00:00",834,2129,1839,1860,2039,1884,1898,2781,2700,2771,2798,2751,2682
"2022-11-16 11:15:00",835,2129,1838,1859,2039,1884,1898,2781,2700,2771,2798,2751,2680
"2022-11-16 11:30:00",836,2129,1838,1859,2039,1884,1898,2780,2701,2771,2796,2751,2682
"2022-11-16 11:45:00",837,2129,1838,1859,2039,1884,1898,2780,2700,2770,2797,2751,2680
"2022-11-16 12:00:00",838,2129,1838,1859,2038,1884,1898,2780,2699,2772,2797,2751,2681
"2022-11-16 12:15:00",839,2129,1838,1859,2038,1884,1898,2781,2700,2771,2797,2750,2680
"2022-11-16 12:30:00",840,2129,1838,1859,2038,1884,1898,2782,2700,2771,2798,2750,2681
"2022-11-16 12:45:00",841,2129,1837,1859,2038,1884,1898,2781,2700,2772,2797,2750,2680
"2022-11-16 13:00:00",842,2129,1837,1859,2038,1884,1897,2780,2700,2772,2797,2750,2680
"2022-11-16 13:15:00",843,2128,1837,1859,2038,1883,1897,2781,2699,2770,2798,2751,2681
"2022-11-16 13:30:00",844,2128,1837,1859,2038,1883,1898,2779,2700,2770,2798,2750,2681
"2022-11-16 13:45:00",845,2128,1837,1859,2038,1883,1897,2780,2699,2771,2796,2749,2680
"2022-11-16 14:00:00",846,2128,1836,1859,2038,1883,1897,2779,2699,2772,2797,2750,2680
"2022-11-16 14:15:00",847,2128,1836,1859,2038,1883,1897,2780,2701,2771,2797,2749,2679
"2022-11-16 14:30:00",848,2128,1836,1859,2038,1883,1897,2779,2698,2770,2797,2750,2679
"2022-11-16 14:45:00",849,2127,1836,1858,2037,1883,1896,2778,2698,2771,2796,2750,2680
"2022-11-16 15:00:00",850,2127,1835,1859,2037,1882,1896,2780,2698,2771,2795,2749,2678
"2022-11-16 15:15:00",851,2127,1835,1858,2037,1882,1896,2778,2699,2770,2796,2750,2679
"2022-11-16 15:30:00",852,2127,1835,1858,2037,1882,1896,2779,2698,2770,2795,2750,2678
"2022-11-16 15:45:00",853,2126,1835,1858,2037,1882,1896,2780,2699,2771,2795,2750,2678
"2022-11-16 16:00:00",854,2126,1834,1858,2037,1882,1896,2779,2700,2771,2795,2750,2679
"2022-11-16 16:15:00",855,2126,1834,1858,2037,1882,1896,2778,2698,2770,2796,2748,2679
"2022-11-16 16:30:00",856,2127,1834,1858,2037,1882,1895,2779,2698,2770,2795,2748,2679
"2022-11-16 16:45:00",857,2126,1834,1858,2036,1882,1895,2778,2698,2770,2793,2749,2677
"2022-11-16 17:00:00",858,2126,1833,1858,2036,1881,1895,2777,2698,2769,2794,2748,2677
"2022-11-16 17:15:00",859,2126,1833,1857,2036,1881,1895,2778,2698,2769,2794,2748,2677
"2022-11-16 17:30:00",860,2126,1833,1857,2036,1881,1895,2777,2698,2770,2795,2747,2678
"2022-11-16 17:45:00",861,2126,1833,1857,2036,1881,1895,2775,2697,2769,2795,2747,2677
"2022-11-16 18:00:00",862,2126,1832,1857,2036,1881,1895,2778,2697,2769,2793,2747,2677
"2022-11-16 18:15:00",863,2126,1832,1857,2036,1881,1895,2776,2697,2770,2793,2747,2678
"2022-11-16 18:30:00",864,2115,1829,1855,2035,1881,1892,2774,2696,2766,2788,2742,2674
"2022-11-17 08:15:00",865,2115,1830,1855,2035,1881,1892,2775,2696,2768,2788,2742,2674
"2022-11-17 08:30:00",866,2116,1829,1855,2035,1881,1892,2775,2696,2770,2789,2740,2675
"2022-11-17 08:45:00",867,2117,1830,1855,2035,1881,1892,2775,2697,2769,2788,2741,2674
"2022-11-17 09:00:00",868,2118,1829,1855,2035,1881,1893,2774,2696,2769,2788,2742,2674
"2022-11-17 09:15:00",869,2119,1830,1855,2035,1881,1894,2774,2696,2768,2789,2742,2675
"2022-11-17 09:30:00",870,2120,1829,1855,2035,1881,1894,2775,2695,2768,2789,2742,2675
"2022-11-17 09:45:00",871,2121,1829,1855,2035,1881,1895,2775,2697,2769,2789,2741,2674
"2022-11-17 10:00:00",872,2122,1830,1855,2035,1880,1895,2774,2697,2768,2788,2741,2674
"2022-11-17 10:15:00",873,2122,1829,1855,2035,1880,1895,2775,2696,2769,2788,2741,2674
"2022-11-17 10:30:00",874,2122,1829,1855,2035,1880,1895,2776,2696,2769,2789,2742,2675
"2022-11-17 10:45:00",875,2122,1829,1855,2035,1880,1895,2775,2696,2769,2788,2742,2673
"2022-11-17 11:00:00",876,2122,1829,1855,2035,1880,1895,2775,2696,2767,2790,2742,2673
"2022-11-17 11:15:00",877,2123,1829,1855,2035,1880,1895,2775,2697,2768,2788,2742,2674
