"TOA5","CR300Series","CR300","28932","CR300.Std.10.04","CPU:PasoAlejoBarcelona_v01.CR300","4697","b_Temp_pAlejoBar"
"TIMESTAMP","RECORD","ts_t3_20_b_Avg","ts_t3_40_b_Avg","ts_t3_60_b_Avg","ts_t4_20_b_Avg","ts_t4_40_b_Avg","ts_t4_60_b_Avg"
"TS","RN","Deg C","Deg C","Deg C","Deg C","Deg C","Deg C"
"","","Avg","Avg","Avg","Avg","Avg","Avg"
"2022-10-12 17:30:00",0,11.8,11.9,12.1,11.7,11.8,11.9
"2022-10-12 17:45:00",1,11.8,11.9,12.17,11.7,11.8,11.91
"2022-10-18 12:45:00",2,13.4,13.08,12.66,13.1,12.8,12.4
"2022-10-18 13:15:00",3,13.4,13.84,13.41,13.1,12.8,12.4
"2022-10-18 13:30:00",4,13.4,14.39,13.92,13.1,12.8,12.4
"2022-10-18 13:45:00",5,13.4,14.56,14.08,13.1,12.8,12.4
"2022-10-18 14:00:00",6,13.4,14.6,14.14,13.1,12.8,12.4
"2022-10-18 14:15:00",7,13.4,14.61,14.16,13.1,12.8,12.4
"2022-10-18 14:30:00",8,13.4,14.7,14.2,13.1,12.8,12.4
"2022-10-18 15:00:00",9,13.4,14.5,14.1,13.1,12.8,12.4
"2022-10-18 15:15:00",10,13.4,14.35,13.9,13.1,12.8,12.4
"2022-10-18 15:30:00",11,13.4,14.54,14.1,13.1,12.8,12.4
"2022-10-18 15:45:00",12,13.4,14.67,14.2,13.1,12.8,12.4
"2022-10-18 16:00:00",13,13.4,14.49,14.07,13.1,12.8,12.4
"2022-10-18 16:15:00",14,13.4,14.66,14.23,13.1,12.8,12.4
"2022-10-18 16:30:00",15,13.4,14.7,14.3,13.1,12.8,12.4
"2022-10-18 16:45:00",16,13.41,14.7,14.3,13.1,12.8,12.4
"2022-10-18 17:00:00",17,13.5,14.7,14.3,13.1,12.8,12.4
"2022-10-18 17:15:00",18,13.5,14.7,14.3,13.1,12.8,12.4
"2022-10-18 17:30:00",19,13.5,14.7,14.3,13.1,12.8,12.4
"2022-10-18 18:00:00",20,13.5,14.18,13.83,13.1,12.8,12.4
"2022-10-19 12:30:00",21,13,14.07,13.75,12.9,12.8,12.5
"2022-10-19 12:45:00",22,13,14.41,14.07,12.9,12.82,12.5
"2022-10-19 13:15:00",23,12.98,13.96,13.68,12.9,12.8,12.5
"2022-10-19 13:30:00",24,13,14.45,14.15,12.9,12.8,12.5
"2022-10-19 13:45:00",25,12.95,14.09,13.8,12.8,12.8,12.5
"2022-10-19 14:00:00",26,13,14.45,14.15,12.8,12.8,12.5
"2022-10-19 14:15:00",27,13,14.59,14.28,12.8,12.8,12.5
"2022-10-19 14:30:00",28,13,14.64,14.33,12.8,12.8,12.5
"2022-10-19 14:45:00",29,13,14.7,14.4,12.8,12.8,12.5
"2022-10-19 15:00:00",30,13,14.7,14.4,12.8,12.8,12.5
"2022-10-19 15:15:00",31,13,14.7,14.4,12.8,12.8,12.5
"2022-10-19 15:30:00",32,12.9,13.86,13.64,12.8,12.8,12.5
"2022-10-19 15:45:00",33,13,14.5,14.25,12.8,12.8,12.5
"2022-10-19 16:00:00",34,13,14.57,14.3,12.8,12.8,12.5
"2022-10-20 12:45:00",35,12.91,13.34,13.15,12.8,12.7,12.5
"2022-10-20 13:00:00",36,13,14.05,13.86,12.8,12.7,12.5
"2022-10-20 13:15:00",37,13,14.38,14.17,12.8,12.7,12.5
"2022-10-20 13:30:00",38,13,14.49,14.27,12.8,12.7,12.5
"2022-10-20 13:45:00",39,13,14.5,14.3,12.8,12.7,12.5
"2022-10-20 14:00:00",40,13,14.49,14.28,12.8,12.7,12.5
"2022-10-20 14:15:00",41,13,14.58,14.32,12.8,12.7,12.5
"2022-10-20 14:30:00",42,13,14.6,14.4,12.8,12.7,12.5
"2022-10-20 14:45:00",43,13,14.6,14.4,12.8,12.7,12.5
"2022-10-20 15:00:00",44,13,14.6,14.4,12.8,12.7,12.5
"2022-10-20 15:15:00",45,13,14.6,14.4,12.8,12.7,12.5
"2022-10-20 15:30:00",46,13,14.6,14.4,12.8,12.7,12.5
"2022-10-20 15:45:00",47,13,14.6,14.4,12.8,12.7,12.5
"2022-10-20 16:00:00",48,13,14.6,14.4,12.8,12.7,12.5
"2022-10-20 16:15:00",49,13,14.6,14.4,12.8,12.7,12.5
"2022-10-20 16:30:00",50,13,14.6,14.4,12.8,12.7,12.5
"2022-10-20 16:45:00",51,13,14.6,14.4,12.8,12.7,12.5
"2022-10-20 17:00:00",52,13.08,14.6,14.4,12.8,12.7,12.5
"2022-10-20 18:00:00",53,13.13,13.97,13.85,12.8,12.7,12.5
"2022-10-20 18:15:00",54,13.2,14.4,14.2,12.8,12.7,12.5
"2022-10-21 09:30:00",55,13.5,13.55,13.23,13.2,12.8,12.5
"2022-10-21 09:45:00",56,13.6,14.29,13.93,13.2,12.9,12.5
"2022-10-21 10:00:00",57,13.6,14.52,14.15,13.2,12.9,12.5
"2022-10-21 10:15:00",58,13.51,14.65,14.28,13.2,12.9,12.54
"2022-10-21 10:30:00",59,13.5,14.7,14.3,13.2,12.9,12.6
"2022-10-21 10:45:00",60,13.5,14.7,14.38,13.2,12.9,12.6
"2022-10-21 11:00:00",61,13.5,14.78,14.4,13.2,12.9,12.6
"2022-10-21 11:15:00",62,13.5,14.8,14.4,13.2,12.9,12.6
"2022-10-21 11:30:00",63,13.5,14.8,14.4,13.2,12.9,12.6
"2022-10-21 11:45:00",64,13.44,14.8,14.4,13.2,12.9,12.6
"2022-10-21 12:00:00",65,13.4,14.8,14.4,13.11,12.9,12.6
"2022-10-21 12:15:00",66,13.4,14.8,14.4,13.1,12.9,12.6
"2022-10-21 12:30:00",67,13.4,14.8,14.46,13.1,12.9,12.6
"2022-10-21 12:45:00",68,13.4,14.8,14.5,13.1,12.9,12.6
"2022-10-21 13:00:00",69,13.4,14.8,14.5,13.1,12.9,12.6
"2022-10-21 13:15:00",70,13.4,14.8,14.5,13.1,12.9,12.6
"2022-10-21 13:30:00",71,13.4,14.8,14.5,13.1,12.9,12.6
"2022-10-21 13:45:00",72,13.4,14.8,14.5,13.1,12.9,12.6
"2022-10-21 14:00:00",73,13.4,14.8,14.5,13.1,12.9,12.6
"2022-10-21 14:15:00",74,13.4,14.8,14.5,13.1,12.9,12.6
"2022-10-21 14:30:00",75,13.4,14.8,14.5,13.1,12.9,12.6
"2022-10-21 14:45:00",76,13.4,14.8,14.5,13.1,12.9,12.6
"2022-10-21 15:00:00",77,13.4,14.8,14.5,13.1,12.9,12.6
"2022-10-21 15:15:00",78,13.4,14.8,14.5,13.1,12.9,12.6
"2022-10-21 15:30:00",79,13.4,14.8,14.5,13.1,12.9,12.6
"2022-10-21 15:45:00",80,13.4,14.8,14.5,13.1,12.9,12.6
"2022-10-21 16:00:00",81,13.4,14.8,14.5,13.1,12.9,12.6
"2022-10-21 16:15:00",82,13.4,14.8,14.5,13.1,12.9,12.6
"2022-10-21 16:30:00",83,13.47,14.8,14.5,13.1,12.9,12.6
"2022-10-21 16:45:00",84,13.5,14.8,14.5,13.1,12.9,12.6
"2022-10-21 17:00:00",85,13.5,14.8,14.5,13.1,12.9,12.6
"2022-10-21 17:15:00",86,13.5,14.8,14.5,13.1,12.9,12.6
"2022-10-21 17:30:00",87,13.55,14.8,14.5,13.1,12.9,12.6
"2022-10-21 17:45:00",88,13.6,14.8,14.5,13.1,12.9,12.6
"2022-10-21 18:00:00",89,13.6,14.8,14.5,13.1,12.9,12.6
"2022-10-21 18:15:00",90,13.63,14.8,14.5,13.1,12.9,12.6
"2022-10-22 09:45:00",91,13.2,13.21,13.43,13.1,13,12.6
"2022-10-22 10:00:00",92,13.2,13.3,14.08,13.1,13,12.6
"2022-10-22 10:15:00",93,13.2,13.3,14.32,13.1,13,12.6
"2022-10-22 10:30:00",94,13.2,13.3,14.4,13.1,13,12.6
"2022-10-22 10:45:00",95,13.18,13.3,14.43,13.1,13,12.6
"2022-10-22 11:00:00",96,13.1,13.3,14.5,13,13,12.6
"2022-10-22 11:15:00",97,13.1,13.3,14.5,13,13,12.6
"2022-10-22 11:30:00",98,13.1,13.3,14.5,13,13,12.61
"2022-10-22 11:45:00",99,13.05,13.3,14.5,13,13,12.67
"2022-10-22 12:00:00",100,13,13.3,14.5,13,13,12.7
"2022-10-22 12:15:00",101,13,13.3,14.58,12.9,13,12.7
"2022-10-22 12:30:00",102,13,13.3,14.6,12.9,13,12.7
"2022-10-22 12:45:00",103,13,13.21,14.6,12.9,13,12.7
"2022-10-22 13:00:00",104,12.99,13.2,14.6,12.9,13,12.7
"2022-10-22 13:15:00",105,12.9,13.2,14.6,12.9,13,12.7
"2022-10-22 13:30:00",106,12.9,13.2,14.6,12.9,13,12.7
"2022-10-22 13:45:00",107,12.9,13.2,14.6,12.81,13,12.7
"2022-10-22 14:00:00",108,12.9,13.2,14.6,12.8,12.93,12.7
"2022-10-22 14:15:00",109,12.9,13.2,14.6,12.8,12.9,12.7
"2022-10-22 14:30:00",110,12.9,13.2,14.6,12.8,12.9,12.7
"2022-10-22 14:45:00",111,12.94,13.2,14.6,12.8,12.9,12.7
"2022-10-22 15:00:00",112,13,13.2,14.6,12.8,12.9,12.7
"2022-10-22 15:15:00",113,13,13.2,14.6,12.8,12.9,12.7
"2022-10-22 15:30:00",114,13,13.2,14.6,12.8,12.9,12.7
"2022-10-22 15:45:00",115,13,13.2,14.6,12.8,12.9,12.7
"2022-10-22 16:00:00",116,13,13.2,14.6,12.8,12.9,12.7
"2022-10-22 16:15:00",117,13.07,13.2,14.6,12.8,12.9,12.7
"2022-10-22 16:30:00",118,13.1,13.2,14.6,12.8,12.9,12.7
"2022-10-22 16:45:00",119,13.1,13.11,14.6,12.8,12.9,12.7
"2022-10-22 17:00:00",120,13.13,13.1,14.6,12.8,12.9,12.7
"2022-10-22 17:15:00",121,13.2,13.1,14.6,12.8,12.9,12.7
"2022-10-22 17:30:00",122,13.2,13.1,14.6,12.85,12.9,12.7
"2022-10-22 17:45:00",123,13.3,13.1,14.6,12.9,12.9,12.7
"2022-10-23 09:00:00",124,13.3,13.2,12.95,13.2,13,12.6
"2022-10-23 09:15:00",125,13.3,13.72,13.6,13.2,13,12.7
"2022-10-23 09:30:00",126,13.3,13.5,13.8,13.2,13,12.7
"2022-10-23 10:30:00",127,13.1,14.41,14.06,13.1,13,12.7
"2022-10-23 10:45:00",128,13.4,14.5,14.2,13,13,12.7
"2022-10-23 11:00:00",129,14.07,14.66,14.32,13,13,12.7
"2022-10-23 11:45:00",130,13.92,14.31,14.04,13,13,12.7
"2022-10-23 12:00:00",131,14.05,14.51,14.21,12.9,13,12.7
"2022-10-23 12:15:00",132,14.11,14.57,14.27,12.9,13,12.7
"2022-10-23 12:30:00",133,13.9,14.3,14,12.9,13,12.7
"2022-10-23 12:45:00",134,14,14.44,14.2,12.9,13,12.7
"2022-10-23 13:15:00",135,13.7,14.1,13.9,12.8,13,12.7
"2022-10-23 13:30:00",136,13.8,14.2,14,12.8,13,12.7
"2022-10-23 13:45:00",137,14.1,14.58,14.32,12.8,13,12.7
"2022-10-23 14:00:00",138,14.27,14.77,14.5,12.8,13,12.7
"2022-10-23 14:15:00",139,14.3,14.8,14.58,12.8,13,12.7
"2022-10-23 14:30:00",140,14.3,14.8,14.6,12.8,12.96,12.7
"2022-10-23 14:45:00",141,14.37,14.8,14.6,12.8,12.9,12.7
"2022-10-23 15:00:00",142,14.4,14.8,14.6,12.8,12.9,12.7
"2022-10-23 15:15:00",143,14.4,14.8,14.6,12.8,12.9,12.7
"2022-10-23 15:30:00",144,14.4,14.8,14.6,12.8,12.9,12.7
"2022-10-23 15:45:00",145,14.4,14.8,14.6,12.8,12.9,12.7
"2022-10-23 16:00:00",146,14.4,14.8,14.6,12.8,12.9,12.7
"2022-10-23 16:15:00",147,14.4,14.8,14.6,12.8,12.9,12.7
"2022-10-23 16:30:00",148,14.47,14.8,14.6,12.8,12.9,12.7
"2022-10-23 16:45:00",149,14.5,14.8,14.61,12.8,12.9,12.7
"2022-10-23 17:00:00",150,14.5,14.8,14.7,12.8,12.9,12.7
"2022-10-23 17:15:00",151,14.5,14.8,14.7,12.8,12.9,12.7
"2022-10-23 17:30:00",152,14.6,14.8,14.7,12.8,12.9,12.7
"2022-10-23 17:45:00",153,14.6,14.8,14.7,12.8,12.9,12.7
"2022-10-24 09:45:00",154,12.8,13.7,13.5,12.8,12.9,12.7
"2022-10-24 10:00:00",155,12.8,14.33,14.13,12.8,12.9,12.7
"2022-10-24 10:15:00",156,12.8,14.53,14.32,12.8,12.9,12.7
"2022-10-24 10:30:00",157,12.74,14.65,14.41,12.8,12.9,12.7
"2022-10-24 10:45:00",158,12.7,14.7,14.5,12.73,12.9,12.7
"2022-10-24 11:00:00",159,12.7,14.7,14.5,12.7,12.9,12.7
"2022-10-24 11:15:00",160,12.66,14.7,14.53,12.7,12.9,12.7
"2022-10-24 11:30:00",161,12.6,14.73,14.6,12.7,12.9,12.7
"2022-10-24 11:45:00",162,12.6,14.8,14.6,12.68,12.9,12.7
"2022-10-24 12:00:00",163,12.6,14.8,14.6,12.6,12.9,12.7
"2022-10-24 12:15:00",164,12.54,14.8,14.6,12.6,12.9,12.7
"2022-10-24 12:30:00",165,12.5,14.8,14.6,12.6,12.9,12.7
"2022-10-24 12:45:00",166,12.5,14.71,14.6,12.6,12.83,12.7
"2022-10-24 13:00:00",167,12.5,14.7,14.6,12.59,12.8,12.7
"2022-10-24 13:15:00",168,12.5,14.7,14.6,12.5,12.8,12.7
"2022-10-24 13:30:00",169,12.5,14.7,14.6,12.5,12.8,12.7
"2022-10-24 13:45:00",170,12.5,14.7,14.6,12.5,12.8,12.7
"2022-10-24 14:00:00",171,12.5,14.7,14.6,12.5,12.8,12.7
"2022-10-24 14:15:00",172,12.5,14.7,14.6,12.5,12.8,12.7
"2022-10-24 14:30:00",173,12.5,14.7,14.6,12.5,12.8,12.7
"2022-10-24 14:45:00",174,12.5,14.7,14.6,12.5,12.8,12.7
"2022-10-24 15:00:00",175,12.5,14.7,14.6,12.5,12.8,12.7
"2022-10-24 15:15:00",176,12.5,14.7,14.6,12.5,12.8,12.7
"2022-10-24 15:30:00",177,12.5,14.7,14.6,12.5,12.8,12.7
"2022-10-24 15:45:00",178,12.6,14.7,14.6,12.5,12.8,12.7
"2022-10-24 16:00:00",179,12.6,14.7,14.6,12.5,12.8,12.7
"2022-10-24 16:15:00",180,12.6,14.7,14.6,12.5,12.8,12.7
"2022-10-24 16:30:00",181,12.6,14.7,14.6,12.5,12.8,12.7
"2022-10-24 16:45:00",182,12.69,14.7,14.6,12.5,12.8,12.7
"2022-10-24 17:00:00",183,12.7,14.7,14.6,12.5,12.71,12.7
"2022-10-24 17:15:00",184,12.7,14.62,14.6,12.5,12.7,12.7
"2022-10-24 17:30:00",185,12.78,14.6,14.6,12.5,12.7,12.7
"2022-10-24 17:45:00",186,12.8,14.6,14.6,12.5,12.7,12.7
"2022-10-24 18:00:00",187,12.83,14.6,14.6,12.5,12.7,12.7
"2022-10-25 10:45:00",188,13.2,13.1,13.13,13,12.8,12.6
"2022-10-25 11:15:00",189,13.2,13.54,13.36,13,12.8,12.6
"2022-10-25 11:45:00",190,13.13,13.45,13.24,13,12.8,12.6
"2022-10-25 12:00:00",191,13.1,14.1,13.9,13,12.8,12.6
"2022-10-25 12:15:00",192,13.1,14.16,13.94,12.9,12.8,12.6
"2022-10-25 12:30:00",193,13.1,14.48,14.25,12.9,12.8,12.68
"2022-10-25 12:45:00",194,13.1,13.86,13.66,12.9,12.8,12.6
"2022-10-25 13:00:00",195,13.1,14.17,13.95,12.9,12.8,12.6
"2022-10-25 13:15:00",196,13.1,14.56,14.34,12.9,12.8,12.7
"2022-10-25 13:45:00",197,13.1,14.16,13.96,12.9,12.8,12.63
"2022-10-25 14:15:00",198,13,13.57,13.43,12.9,12.8,12.6
"2022-10-25 15:00:00",199,13,13.3,13.15,12.8,12.8,12.6
"2022-10-25 15:30:00",200,13.1,14.32,14.15,12.89,12.8,12.69
"2022-10-25 16:45:00",201,13.17,14.13,14.01,12.9,12.8,12.69
"2022-10-25 17:00:00",202,13.2,14.56,14.38,12.9,12.8,12.7
"2022-10-25 17:15:00",203,13.2,14.64,14.46,12.9,12.8,12.7
"2022-10-25 17:30:00",204,13.27,14.7,14.5,12.9,12.8,12.7
"2022-10-25 17:45:00",205,13.3,14.7,14.5,12.9,12.8,12.7
"2022-10-26 09:45:00",206,13.6,13.26,13,13.3,13,12.7
"2022-10-26 10:00:00",207,13.6,13.3,13,13.3,13,12.7
"2022-10-26 10:15:00",208,13.6,13.65,13.37,13.3,13,12.7
"2022-10-26 12:00:00",209,13.5,13.27,13.06,13.2,13,12.7
"2022-10-26 12:15:00",210,13.58,13.3,13,13.2,13,12.7
"2022-10-26 12:30:00",211,13.5,13.76,13.52,13.2,13,12.7
"2022-10-26 12:45:00",212,13.5,14.1,13.8,13.2,13,12.7
"2022-10-26 13:00:00",213,13.5,14.4,14.1,13.2,13,12.7
"2022-10-26 13:15:00",214,13.5,13.97,13.7,13.2,13,12.7
"2022-10-26 13:30:00",215,13.5,14.53,14.23,13.2,13,12.7
"2022-10-26 14:00:00",216,13.5,13.81,13.56,13.2,13,12.7
"2022-10-26 14:30:00",217,13.5,14.09,13.84,13.2,13,12.7
"2022-10-26 14:45:00",218,13.6,14.59,14.31,13.2,13,12.7
"2022-10-26 15:15:00",219,13.59,13.58,14.08,13.2,13,12.7
"2022-10-26 15:30:00",220,13.6,13.4,14,13.2,13,12.7
"2022-10-26 15:45:00",221,13.6,14.24,14.14,13.2,13,12.7
"2022-10-26 16:15:00",222,13.6,14.06,13.86,13.2,13,12.7
"2022-10-26 16:30:00",223,13.69,14.61,14.38,13.2,13,12.7
"2022-10-26 16:45:00",224,13.7,14.8,14.53,13.2,13,12.7
"2022-10-26 17:00:00",225,13.7,14.85,14.6,13.3,13,12.7
"2022-10-26 17:15:00",226,13.73,14.9,14.6,13.3,13,12.7
"2022-10-26 17:30:00",227,13.8,14.9,14.6,13.3,13,12.7
"2022-10-26 17:45:00",228,13.8,14.9,14.6,13.3,13,12.7
"2022-10-26 18:15:00",229,13.85,13.54,13.35,13.3,13,12.7
"2022-10-27 10:15:00",230,13.6,13.5,13.57,13.46,13.2,12.8
"2022-10-27 10:30:00",231,13.6,13.5,13.47,13.4,13.2,12.8
"2022-10-27 10:45:00",232,13.6,13.5,13.25,13.4,13.2,12.8
"2022-10-27 11:00:00",233,13.6,13.5,13.2,13.4,13.2,12.8
"2022-10-27 11:15:00",234,13.6,13.5,13.2,13.4,13.2,12.8
"2022-10-27 11:30:00",235,13.6,13.5,13.2,13.4,13.2,12.8
"2022-10-27 11:45:00",236,13.51,13.5,13.2,13.4,13.2,12.8
"2022-10-27 12:00:00",237,13.5,13.5,13.2,13.39,13.2,12.8
"2022-10-27 12:15:00",238,13.5,13.5,13.2,13.3,13.2,12.8
"2022-10-27 12:30:00",239,13.5,13.5,13.2,13.3,13.2,12.8
"2022-10-27 12:45:00",240,13.5,13.5,13.2,13.3,13.2,12.8
"2022-10-27 13:00:00",241,13.48,13.5,13.2,13.3,13.2,12.8
"2022-10-27 13:15:00",242,13.4,13.5,13.2,13.3,13.2,12.8
"2022-10-27 13:30:00",243,13.4,13.5,13.2,13.3,13.2,12.8
"2022-10-27 13:45:00",244,13.4,13.5,13.2,13.24,13.2,12.8
"2022-10-27 14:00:00",245,13.4,13.5,13.2,13.2,13.2,12.8
"2022-10-27 14:15:00",246,13.4,13.5,13.2,13.2,13.2,12.8
"2022-10-27 14:30:00",247,13.4,13.5,13.2,13.2,13.2,12.8
"2022-10-27 14:45:00",248,13.43,13.5,13.2,13.2,13.2,12.8
"2022-10-27 15:00:00",249,13.5,13.5,13.2,13.2,13.2,12.8
"2022-10-27 15:15:00",250,13.5,13.5,13.2,13.2,13.2,12.81
"2022-10-27 15:30:00",251,13.5,13.5,13.2,13.2,13.2,12.84
"2022-10-27 15:45:00",252,13.5,13.5,13.2,13.2,13.2,12.89
"2022-10-27 16:00:00",253,13.5,13.5,13.2,13.2,13.2,12.9
"2022-10-27 16:15:00",254,13.51,13.48,13.2,13.2,13.2,12.9
"2022-10-27 16:30:00",255,13.6,13.4,13.2,13.2,13.2,12.9
"2022-10-27 16:45:00",256,13.6,13.4,13.2,13.2,13.2,12.9
"2022-10-27 17:00:00",257,13.6,13.4,13.2,13.2,13.12,12.9
"2022-10-27 17:15:00",258,13.63,13.4,13.2,13.2,13.1,12.9
"2022-10-27 17:30:00",259,13.7,13.4,13.2,13.2,13.1,12.9
"2022-10-27 17:45:00",260,13.7,13.4,13.2,13.25,13.1,12.9
"2022-10-27 18:00:00",261,13.73,13.4,13.2,13.3,13.1,12.9
"2022-10-29 13:00:00",262,13.2,13.2,13.1,13,13,12.9
"2022-10-29 13:15:00",263,13.2,13.2,13.19,13,13,12.9
"2022-10-29 13:30:00",264,13.2,13.28,13.2,13,13,12.9
"2022-10-30 09:15:00",265,12.8,13.6,13.55,12.9,13,12.9
"2022-10-30 10:00:00",266,13.55,14.29,14.19,12.8,13,12.9
"2022-10-30 10:15:00",267,13.8,14.56,14.4,12.8,13,12.9
"2022-10-30 10:30:00",268,13.96,14.7,14.6,12.8,13,12.9
"2022-10-30 10:45:00",269,14,14.77,14.67,12.8,13,12.9
"2022-10-30 11:00:00",270,14,14.8,14.69,12.72,13,12.9
"2022-10-30 11:15:00",271,14,14.8,14.7,12.7,13,12.9
"2022-10-30 11:30:00",272,14,14.8,14.74,12.7,13,12.9
"2022-10-30 11:45:00",273,14,14.8,14.8,12.7,13,12.9
"2022-10-30 12:00:00",274,14,14.82,14.8,12.69,13,12.9
"2022-10-30 12:15:00",275,14,14.89,14.8,12.6,13,12.9
"2022-10-30 12:30:00",276,14,14.9,14.8,12.6,13,12.9
"2022-10-30 12:45:00",277,14,14.85,14.8,12.6,13,12.9
"2022-10-30 13:00:00",278,13.97,14.8,14.8,12.6,12.93,12.9
"2022-10-30 13:15:00",279,13.9,14.8,14.8,12.6,12.9,12.9
"2022-10-30 13:30:00",280,13.9,14.8,14.8,12.5,12.9,12.9
"2022-10-30 13:45:00",281,13.9,14.8,14.8,12.5,12.9,12.9
"2022-10-30 14:00:00",282,13.9,14.8,14.8,12.5,12.9,12.9
"2022-10-30 14:15:00",283,13.9,14.8,14.8,12.5,12.9,12.9
"2022-10-30 14:30:00",284,13.9,14.8,14.8,12.5,12.9,12.9
"2022-10-30 14:45:00",285,13.9,14.8,14.8,12.5,12.9,12.9
"2022-10-30 15:00:00",286,13.9,14.8,14.8,12.5,12.9,12.9
"2022-10-30 15:15:00",287,13.9,14.8,14.8,12.4,12.9,12.9
"2022-10-30 15:30:00",288,13.9,14.8,14.8,12.4,12.9,12.9
"2022-10-30 15:45:00",289,13.9,14.8,14.8,12.4,12.9,12.9
"2022-10-30 16:00:00",290,13.9,14.8,14.8,12.4,12.9,12.9
"2022-10-30 16:15:00",291,13.9,14.7,14.8,12.4,12.9,12.9
"2022-10-30 16:30:00",292,13.9,14.71,14.8,12.4,12.9,12.9
"2022-10-30 16:45:00",293,13.9,14.8,14.8,12.4,12.87,12.9
"2022-10-30 17:00:00",294,13.9,14.7,14.8,12.4,12.8,12.9
"2022-10-30 17:30:00",295,13.9,14.6,14.7,12.4,12.8,12.9
"2022-10-31 08:15:00",296,12.1,13.62,13.82,12.2,12.6,12.77
"2022-10-31 08:30:00",297,12.1,14.14,14.32,12.2,12.6,12.8
"2022-10-31 08:45:00",298,12.1,14.33,14.48,12.2,12.6,12.8
"2022-10-31 09:00:00",299,12.1,14.4,14.57,12.2,12.6,12.8
"2022-10-31 09:15:00",300,12.01,14.4,14.6,12.2,12.6,12.8
"2022-10-31 09:30:00",301,12,14.4,14.6,12.2,12.6,12.8
"2022-10-31 09:45:00",302,12,14.4,14.6,12.2,12.6,12.8
"2022-10-31 10:00:00",303,12,14.4,14.6,12.11,12.6,12.8
"2022-10-31 10:15:00",304,11.9,14.4,14.6,12.1,12.6,12.8
"2022-10-31 10:30:00",305,11.9,14.4,14.6,12.1,12.6,12.8
"2022-10-31 10:45:00",306,11.9,14.4,14.66,12.1,12.6,12.8
"2022-10-31 11:00:00",307,11.9,14.4,14.7,12.1,12.6,12.8
"2022-10-31 11:15:00",308,11.88,14.4,14.7,12.1,12.6,12.76
"2022-10-31 11:30:00",309,11.8,14.4,14.7,12.01,12.6,12.72
"2022-10-31 11:45:00",310,11.8,14.4,14.7,12,12.6,12.7
"2022-10-31 12:00:00",311,11.8,14.4,14.7,12,12.6,12.7
"2022-10-31 12:15:00",312,11.8,14.4,14.7,12,12.59,12.7
"2022-10-31 12:30:00",313,11.77,14.4,14.7,12,12.51,12.7
"2022-10-31 12:45:00",314,11.7,14.4,14.7,12,12.5,12.7
"2022-10-31 13:00:00",315,11.7,14.4,14.7,11.99,12.5,12.7
"2022-10-31 13:15:00",316,11.7,14.4,14.7,11.9,12.5,12.7
"2022-10-31 13:30:00",317,11.7,14.4,14.7,11.9,12.5,12.7
"2022-10-31 13:45:00",318,11.7,14.4,14.7,11.9,12.5,12.7
"2022-10-31 14:00:00",319,11.7,14.4,14.7,11.9,12.5,12.7
"2022-10-31 14:15:00",320,11.7,14.4,14.7,11.9,12.5,12.7
"2022-10-31 14:30:00",321,11.7,14.4,14.7,11.9,12.5,12.7
"2022-10-31 14:45:00",322,11.72,14.4,14.7,11.9,12.5,12.7
"2022-10-31 15:00:00",323,11.8,14.4,14.7,11.9,12.5,12.7
"2022-10-31 15:15:00",324,11.8,14.33,14.7,11.9,12.5,12.7
"2022-10-31 15:30:00",325,11.8,14.3,14.66,11.9,12.5,12.7
"2022-10-31 15:45:00",326,11.8,14.3,14.6,11.9,12.5,12.7
"2022-10-31 16:00:00",327,11.83,14.3,14.6,11.9,12.5,12.7
"2022-10-31 16:15:00",328,11.9,14.3,14.6,11.9,12.5,12.7
"2022-10-31 16:30:00",329,11.9,14.3,14.6,11.9,12.49,12.7
"2022-10-31 16:45:00",330,11.9,14.3,14.6,11.9,12.4,12.7
"2022-10-31 17:00:00",331,11.92,14.3,14.6,11.9,12.4,12.7
"2022-10-31 17:15:00",332,12,14.3,14.6,11.9,12.4,12.7
"2022-10-31 17:30:00",333,12,14.3,14.6,11.91,12.4,12.7
"2022-10-31 17:45:00",334,12.05,14.3,14.6,12,12.4,12.7
"2022-11-01 08:15:00",335,12.81,13.55,13.62,12.6,12.5,12.6
"2022-11-01 08:30:00",336,12.87,14.1,14.13,12.6,12.5,12.6
"2022-11-01 08:45:00",337,12.8,14.28,14.29,12.6,12.5,12.6
"2022-11-01 09:00:00",338,12.8,14.38,14.4,12.6,12.5,12.6
"2022-11-01 09:15:00",339,12.8,14.4,14.4,12.6,12.5,12.6
"2022-11-01 09:30:00",340,12.8,14.4,14.4,12.6,12.5,12.6
"2022-11-01 09:45:00",341,12.8,14.4,14.4,12.6,12.5,12.6
"2022-11-01 10:00:00",342,12.7,14.4,14.4,12.6,12.5,12.6
"2022-11-01 10:15:00",343,12.7,14.42,14.48,12.6,12.5,12.6
"2022-11-01 10:30:00",344,12.7,14.5,14.5,12.6,12.5,12.6
"2022-11-01 10:45:00",345,12.7,14.5,14.5,12.6,12.5,12.6
"2022-11-01 11:00:00",346,12.66,14.5,14.5,12.6,12.5,12.6
"2022-11-01 11:15:00",347,12.6,14.5,14.5,12.53,12.5,12.6
"2022-11-01 11:30:00",348,12.6,14.5,14.5,12.5,12.5,12.6
"2022-11-01 11:45:00",349,12.6,14.5,14.5,12.5,12.5,12.6
"2022-11-01 12:00:00",350,12.6,14.5,14.5,12.5,12.5,12.6
"2022-11-01 12:15:00",351,12.6,14.5,14.5,12.5,12.5,12.6
"2022-11-01 12:30:00",352,12.54,14.5,14.5,12.5,12.5,12.6
"2022-11-01 12:45:00",353,12.5,14.5,14.5,12.5,12.5,12.6
"2022-11-01 13:00:00",354,12.5,14.5,14.5,12.5,12.5,12.6
"2022-11-01 13:15:00",355,12.5,14.5,14.5,12.5,12.5,12.6
"2022-11-01 13:30:00",356,12.5,14.5,14.5,12.5,12.5,12.6
"2022-11-01 13:45:00",357,12.5,14.5,14.5,12.5,12.5,12.6
"2022-11-01 14:00:00",358,12.53,14.5,14.5,12.47,12.5,12.6
"2022-11-01 14:15:00",359,12.6,14.5,14.5,12.41,12.5,12.6
"2022-11-01 14:30:00",360,12.6,14.5,14.5,12.4,12.5,12.6
"2022-11-01 14:45:00",361,12.6,14.5,14.5,12.41,12.5,12.6
"2022-11-01 15:00:00",362,12.6,14.5,14.5,12.46,12.5,12.6
"2022-11-01 15:15:00",363,12.63,14.5,14.5,12.5,12.5,12.6
"2022-11-01 15:30:00",364,12.7,14.5,14.5,12.5,12.5,12.6
"2022-11-01 15:45:00",365,12.7,14.5,14.5,12.5,12.5,12.6
"2022-11-01 16:00:00",366,12.72,14.5,14.5,12.5,12.5,12.6
"2022-11-01 16:15:00",367,12.8,14.5,14.5,12.5,12.5,12.6
"2022-11-01 16:30:00",368,12.8,14.5,14.5,12.5,12.5,12.6
"2022-11-01 16:45:00",369,12.86,14.5,14.5,12.5,12.5,12.6
"2022-11-01 17:00:00",370,12.9,14.5,14.5,12.5,12.5,12.6
"2022-11-01 17:15:00",371,12.93,14.5,14.5,12.54,12.5,12.6
"2022-11-01 17:30:00",372,13,14.5,14.5,12.6,12.5,12.6
"2022-11-01 17:45:00",373,13.03,14.5,14.5,12.6,12.5,12.6
"2022-11-01 18:00:00",374,13.1,13.9,14,12.6,12.5,12.6
"2022-11-02 08:15:00",375,14.22,13.29,13.71,13.7,12.9,12.6
"2022-11-02 08:30:00",376,14.26,13.3,14.22,13.7,12.9,12.6
"2022-11-02 08:45:00",377,14.2,13.4,14.38,13.7,12.9,12.6
"2022-11-02 09:00:00",378,14.2,13.4,14.41,13.7,12.9,12.6
"2022-11-02 09:15:00",379,14.2,13.4,14.5,13.7,12.92,12.6
"2022-11-02 09:30:00",380,14.2,13.4,14.5,13.7,13,12.6
"2022-11-02 09:45:00",381,14.2,13.4,14.5,13.7,13,12.6
"2022-11-02 10:00:00",382,14.1,13.4,14.5,13.69,13,12.6
"2022-11-02 10:15:00",383,14.1,13.4,14.5,13.6,13,12.68
"2022-11-02 10:30:00",384,14.1,13.4,14.6,13.6,13,12.7
"2022-11-02 10:45:00",385,14.1,13.4,14.6,13.6,13,12.7
"2022-11-02 11:00:00",386,14.05,13.4,14.6,13.6,13,12.7
"2022-11-02 11:15:00",387,14,13.4,14.6,13.6,13,12.7
"2022-11-02 11:30:00",388,14,13.4,14.6,13.6,13,12.7
"2022-11-02 11:45:00",389,14,13.4,14.6,13.6,13,12.7
"2022-11-02 12:00:00",390,14,13.4,14.6,13.6,13,12.7
"2022-11-02 12:15:00",391,14,13.4,14.6,13.6,13,12.7
"2022-11-02 12:30:00",392,13.96,13.4,14.6,13.6,13,12.7
"2022-11-02 12:45:00",393,13.9,13.4,14.6,13.56,13,12.7
"2022-11-02 13:00:00",394,13.9,13.4,14.6,13.5,13,12.7
"2022-11-02 13:15:00",395,13.9,13.4,14.6,13.5,13,12.7
"2022-11-02 13:30:00",396,13.9,13.4,14.6,13.5,13,12.7
"2022-11-02 13:45:00",397,13.9,13.4,14.6,13.5,13.05,12.7
"2022-11-02 14:00:00",398,13.9,13.4,14.6,13.5,13.1,12.7
"2022-11-02 14:15:00",399,13.96,13.4,14.65,13.5,13.1,12.7
"2022-11-02 14:30:00",400,14,13.4,14.7,13.5,13.1,12.7
"2022-11-02 14:45:00",401,14,13.4,14.7,13.5,13.1,12.7
"2022-11-02 15:00:00",402,14,13.4,14.7,13.5,13.1,12.7
"2022-11-02 15:15:00",403,14,13.4,14.7,13.5,13.1,12.7
"2022-11-02 15:30:00",404,14,13.4,14.7,13.5,13.1,12.7
"2022-11-02 15:45:00",405,14.05,13.4,14.7,13.5,13.1,12.7
"2022-11-02 16:00:00",406,14.1,13.4,14.7,13.51,13.1,12.7
"2022-11-02 16:15:00",407,14.1,13.43,14.7,13.6,13.1,12.7
"2022-11-02 16:30:00",408,14.1,13.49,14.7,13.6,13.1,12.7
"2022-11-02 16:45:00",409,14.18,13.5,14.7,13.6,13.1,12.7
"2022-11-02 17:00:00",410,14.2,13.5,14.7,13.6,13.1,12.7
"2022-11-02 17:15:00",411,14.2,13.5,14.7,13.6,13.1,12.7
"2022-11-02 17:30:00",412,14.26,13.5,14.7,13.6,13.1,12.7
"2022-11-02 17:45:00",413,14.3,13.5,14.7,13.6,13.1,12.7
"2022-11-02 18:00:00",414,14.3,13.5,14.7,13.68,13.1,12.7
"2022-11-03 08:00:00",415,14.8,13.8,13.23,14.3,13.43,12.9
"2022-11-03 08:15:00",416,14.8,14.87,14.26,14.3,13.5,12.9
"2022-11-03 08:30:00",417,14.8,15.2,14.6,14.3,13.5,12.9
"2022-11-03 08:45:00",418,14.8,15.33,14.66,14.3,13.5,12.9
"2022-11-03 09:00:00",419,14.8,15.4,14.71,14.3,13.5,12.9
"2022-11-03 09:15:00",420,14.8,15.45,14.8,14.3,13.5,12.9
"2022-11-03 09:30:00",421,14.73,15.5,14.8,14.26,13.5,12.9
"2022-11-03 09:45:00",422,14.7,15.5,14.8,14.2,13.5,12.9
"2022-11-03 10:00:00",423,14.7,15.5,14.8,14.2,13.5,12.9
"2022-11-03 10:15:00",424,14.69,15.5,14.8,14.2,13.5,12.9
"2022-11-03 10:30:00",425,14.6,15.5,14.89,14.2,13.5,12.9
"2022-11-03 10:45:00",426,14.6,15.5,14.9,14.2,13.5,12.9
"2022-11-03 11:00:00",427,14.6,15.5,14.9,14.2,13.5,12.9
"2022-11-03 11:15:00",428,14.57,15.5,14.9,14.18,13.5,12.9
"2022-11-03 11:30:00",429,14.5,15.59,14.9,14.1,13.51,12.9
"2022-11-03 11:45:00",430,14.5,15.6,14.9,14.1,13.59,12.9
"2022-11-03 12:00:00",431,14.5,15.6,14.9,14.1,13.6,12.9
"2022-11-03 12:15:00",432,14.47,15.6,14.9,14.1,13.6,12.9
"2022-11-03 12:30:00",433,14.4,15.6,14.9,14.1,13.6,12.9
"2022-11-03 12:45:00",434,14.4,15.6,14.9,14.1,13.6,12.9
"2022-11-03 13:00:00",435,14.4,15.6,14.9,14.1,13.6,12.98
"2022-11-03 13:15:00",436,14.4,15.6,14.9,14.05,13.6,13
"2022-11-03 13:30:00",437,14.4,15.6,14.9,14,13.6,13
"2022-11-03 13:45:00",438,14.4,15.6,14.92,14,13.6,13
"2022-11-03 14:00:00",439,14.4,15.6,15,14,13.6,13
"2022-11-03 14:15:00",440,14.4,15.6,15,14,13.6,13
"2022-11-03 14:30:00",441,14.4,15.6,15,14,13.6,13
"2022-11-03 14:45:00",442,14.4,15.6,15,14,13.6,13
"2022-11-03 15:00:00",443,14.4,15.6,15,14,13.6,13
"2022-11-03 15:15:00",444,14.4,15.58,15,14,13.6,13
"2022-11-03 15:30:00",445,14.4,15.51,15,14,13.6,13
"2022-11-03 15:45:00",446,14.48,15.53,15,14,13.6,13
"2022-11-03 16:00:00",447,14.5,15.51,15,14,13.6,13
"2022-11-03 16:15:00",448,14.5,15.5,15,14,13.6,13
"2022-11-03 16:30:00",449,14.5,15.5,15,14,13.6,13
"2022-11-03 16:45:00",450,14.54,15.5,15,14,13.6,13
"2022-11-03 17:00:00",451,14.6,15.5,15,14,13.6,13
"2022-11-03 17:15:00",452,14.6,15.5,15,14,13.6,13
"2022-11-03 17:30:00",453,14.6,15.5,15,14,13.6,13
"2022-11-03 17:45:00",454,14.69,15.5,15,14.09,13.6,13
"2022-11-04 09:30:00",455,14.6,14.1,14.09,14.3,13.8,13.1
"2022-11-04 10:00:00",456,14.6,14.13,14.4,14.3,13.8,13.15
"2022-11-04 10:15:00",457,14.6,14.2,14.86,14.3,13.8,13.2
"2022-11-04 10:30:00",458,14.6,14.2,14.98,14.26,13.8,13.2
"2022-11-04 10:45:00",459,14.52,14.2,15.01,14.2,13.8,13.2
"2022-11-04 11:00:00",460,14.5,14.2,15.1,14.2,13.8,13.2
"2022-11-04 11:15:00",461,14.5,14.2,15.1,14.2,13.8,13.2
"2022-11-04 11:30:00",462,14.48,14.2,15.1,14.2,13.8,13.2
"2022-11-04 11:45:00",463,14.4,14.2,15.1,14.2,13.8,13.2
"2022-11-04 12:00:00",464,14.4,14.2,15.1,14.19,13.8,13.2
"2022-11-04 12:15:00",465,14.4,14.2,15.14,14.1,13.8,13.2
"2022-11-04 12:30:00",466,14.4,14.2,15.2,14.1,13.8,13.2
"2022-11-04 12:45:00",467,14.37,14.2,15.2,14.1,13.8,13.2
"2022-11-04 13:00:00",468,14.3,14.14,15.2,14.1,13.8,13.2
"2022-11-04 13:15:00",469,14.3,14.1,15.2,14.1,13.8,13.2
"2022-11-04 13:30:00",470,14.3,14.1,15.2,14.1,13.8,13.2
"2022-11-04 13:45:00",471,14.3,14.1,15.2,14.09,13.8,13.2
"2022-11-04 14:00:00",472,14.3,14.1,15.2,14,13.8,13.2
"2022-11-04 14:15:00",473,14.3,14.1,15.2,14,13.8,13.2
"2022-11-04 14:30:00",474,14.3,14.1,15.2,14,13.8,13.2
"2022-11-04 14:45:00",475,14.3,14.1,15.2,14,13.8,13.2
"2022-11-04 15:00:00",476,14.3,14.1,15.2,14,13.8,13.2
"2022-11-04 15:15:00",477,14.3,14.1,15.2,14,13.8,13.2
"2022-11-04 15:30:00",478,14.3,14.1,15.2,14,13.8,13.2
"2022-11-04 15:45:00",479,14.3,14.1,15.2,14,13.8,13.2
"2022-11-04 16:00:00",480,14.3,14.1,15.2,14,13.8,13.2
"2022-11-04 16:15:00",481,14.3,14.1,15.2,14,13.8,13.2
"2022-11-04 16:30:00",482,14.3,14.1,15.2,14,13.8,13.2
"2022-11-04 16:45:00",483,14.3,14.1,15.2,14,13.8,13.2
"2022-11-04 17:00:00",484,14.3,14.3,14.7,14,13.8,13.2
"2022-11-04 17:30:00",485,14.32,15.07,14.84,14,13.71,13.2
"2022-11-04 17:45:00",486,14.4,15.39,15.13,14,13.76,13.2
"2022-11-04 18:30:00",487,14.4,14.1,14.5,14,13.7,13.2
"2022-11-05 09:45:00",488,14.5,14.1,14.53,14.2,13.8,13.3
"2022-11-05 10:00:00",489,14.5,14.1,14.93,14.2,13.8,13.3
"2022-11-05 10:15:00",490,14.5,14.1,15.08,14.2,13.8,13.3
"2022-11-05 10:30:00",491,14.5,14.1,15.13,14.2,13.8,13.3
"2022-11-05 10:45:00",492,14.5,14.1,15.2,14.2,13.8,13.3
"2022-11-05 11:00:00",493,14.5,14.1,15.2,14.13,13.8,13.3
"2022-11-05 11:15:00",494,14.5,14.1,15.2,14.1,13.8,13.3
"2022-11-05 11:30:00",495,14.44,14.1,15.2,14.1,13.8,13.3
"2022-11-05 11:45:00",496,14.4,14.1,15.2,14.1,13.8,13.3
"2022-11-05 12:00:00",497,14.4,14.1,15.21,14.1,13.8,13.3
"2022-11-05 12:15:00",498,14.4,14.1,15.3,14.1,13.8,13.3
"2022-11-05 12:30:00",499,14.4,14.1,15.3,14.1,13.8,13.3
"2022-11-05 12:45:00",500,14.4,14.1,15.3,14.1,13.8,13.3
"2022-11-05 13:00:00",501,14.4,14.1,15.3,14.1,13.8,13.3
"2022-11-05 13:15:00",502,14.4,14.1,15.3,14.1,13.8,13.3
"2022-11-05 13:30:00",503,14.4,14.1,15.3,14.1,13.8,13.3
"2022-11-05 13:45:00",504,14.4,14.1,15.3,14.1,13.8,13.3
"2022-11-05 14:00:00",505,14.4,14.1,15.3,14.1,13.8,13.3
"2022-11-05 14:15:00",506,14.4,14.1,15.3,14.1,13.8,13.3
"2022-11-05 14:30:00",507,14.4,14.1,15.18,14,13.8,13.3
"2022-11-05 14:45:00",508,14.4,14.1,15.28,14,13.8,13.3
"2022-11-05 15:00:00",509,14.4,14.1,15.3,14,13.8,13.3
"2022-11-05 15:15:00",510,14.4,14.1,15.3,14,13.8,13.3
"2022-11-05 15:30:00",511,14.4,14.1,15.3,14,13.8,13.3
"2022-11-05 15:45:00",512,14.4,14.1,15.3,14,13.8,13.3
"2022-11-05 16:00:00",513,14.4,14.1,15.3,14,13.8,13.3
"2022-11-05 16:15:00",514,14.4,14.1,15.3,14,13.8,13.3
"2022-11-05 16:30:00",515,14.4,14.1,15.3,14,13.8,13.3
"2022-11-05 16:45:00",516,14.4,14.1,15.3,14,13.8,13.3
"2022-11-05 17:00:00",517,14.4,14.1,15.3,14,13.8,13.3
"2022-11-05 17:15:00",518,14.4,14.1,15.3,14,13.8,13.3
"2022-11-05 17:30:00",519,14.4,14.1,15.3,14,13.8,13.3
"2022-11-05 17:45:00",520,14.43,14.1,15.3,14,13.8,13.3
"2022-11-05 18:00:00",521,14.5,14.1,15.3,14,13.8,13.31
"2022-11-05 18:15:00",522,14.5,14.1,15.3,14,13.8,13.31
"2022-11-06 08:00:00",523,14.3,14.1,13.99,14.1,13.8,13.4
"2022-11-06 08:45:00",524,14.3,15.31,14.96,14.1,13.8,13.4
"2022-11-06 09:00:00",525,14.29,15.37,14.98,14.06,13.8,13.4
"2022-11-06 09:15:00",526,14.2,15.22,14.83,14,13.8,13.4
"2022-11-06 09:45:00",527,14.2,15.61,15.18,14,13.8,13.4
"2022-11-06 10:00:00",528,14.17,15.7,15.3,14,13.8,13.4
"2022-11-06 10:15:00",529,14.1,15.7,15.3,14,13.8,13.4
"2022-11-06 10:30:00",530,14.1,15.7,15.3,13.97,13.8,13.4
"2022-11-06 10:45:00",531,14.09,15.7,15.3,13.9,13.8,13.4
"2022-11-06 11:00:00",532,14,15.7,15.3,13.9,13.8,13.4
"2022-11-06 11:15:00",533,14,15.79,15.3,13.9,13.8,13.4
"2022-11-06 11:30:00",534,14,15.8,15.32,13.9,13.8,13.4
"2022-11-06 11:45:00",535,13.97,15.8,15.39,13.9,13.8,13.4
"2022-11-06 12:00:00",536,13.9,15.74,15.4,13.83,13.8,13.4
"2022-11-06 12:15:00",537,13.9,15.7,15.4,13.8,13.8,13.4
"2022-11-06 12:30:00",538,13.9,15.7,15.4,13.8,13.8,13.4
"2022-11-06 12:45:00",539,13.9,15.7,15.4,13.8,13.8,13.4
"2022-11-06 13:00:00",540,13.9,15.7,15.4,13.8,13.8,13.4
"2022-11-06 13:15:00",541,13.88,15.7,15.4,13.8,13.8,13.4
"2022-11-06 13:30:00",542,13.8,15.7,15.4,13.8,13.8,13.4
"2022-11-06 13:45:00",543,13.8,15.7,15.4,13.7,13.8,13.4
"2022-11-06 14:00:00",544,13.8,15.7,15.4,13.7,13.8,13.4
"2022-11-06 14:15:00",545,13.8,15.7,15.4,13.7,13.8,13.4
"2022-11-06 14:30:00",546,13.8,15.7,15.4,13.7,13.8,13.4
"2022-11-06 14:45:00",547,13.85,15.7,15.4,13.7,13.8,13.4
"2022-11-06 15:00:00",548,13.9,15.7,15.4,13.7,13.74,13.4
"2022-11-06 15:15:00",549,13.9,15.7,15.4,13.7,13.7,13.4
"2022-11-06 15:30:00",550,13.9,15.7,15.4,13.7,13.7,13.4
"2022-11-06 15:45:00",551,13.9,15.7,15.4,13.7,13.7,13.4
"2022-11-06 16:00:00",552,13.9,15.7,15.4,13.7,13.7,13.4
"2022-11-06 16:15:00",553,13.9,15.7,15.4,13.7,13.7,13.4
"2022-11-06 16:30:00",554,13.97,15.69,15.4,13.7,13.7,13.4
"2022-11-06 17:00:00",555,13.99,14.38,14.93,13.7,13.7,13.4
"2022-11-06 18:00:00",556,14.1,14.65,14.48,13.7,13.7,13.4
"2022-11-06 18:15:00",557,14.1,14.2,14.2,13.7,13.7,13.4
"2022-11-06 18:30:00",558,14.18,14.1,14.81,13.76,13.7,13.4
"2022-11-07 08:00:00",559,14.6,14.1,13.7,14.2,13.7,13.4
"2022-11-07 08:45:00",560,14.5,14.1,14.22,14.2,13.73,13.4
"2022-11-07 09:00:00",561,14.5,14.1,14.26,14.17,13.77,13.4
"2022-11-07 09:15:00",562,14.5,14.1,14.91,14.2,13.8,13.4
"2022-11-07 09:30:00",563,14.5,14.16,15.16,14.16,13.8,13.4
"2022-11-07 09:45:00",564,14.5,14.2,15.2,14.1,13.8,13.4
"2022-11-07 10:00:00",565,14.42,14.2,15.27,14.1,13.8,13.4
"2022-11-07 10:15:00",566,14.4,14.2,15.3,14.1,13.8,13.4
"2022-11-07 10:30:00",567,14.4,14.2,15.3,14.1,13.8,13.4
"2022-11-07 10:45:00",568,14.4,14.2,15.3,14.1,13.8,13.4
"2022-11-07 11:00:00",569,14.4,14.2,15.3,14.1,13.8,13.4
"2022-11-07 11:15:00",570,14.31,14.2,15.3,14.1,13.8,13.4
"2022-11-07 11:30:00",571,14.3,14.2,15.3,14.1,13.8,13.4
"2022-11-07 11:45:00",572,14.3,14.2,15.3,14.03,13.8,13.4
"2022-11-07 12:00:00",573,14.3,14.2,15.32,14,13.8,13.4
"2022-11-07 12:15:00",574,14.3,14.2,15.4,14,13.8,13.4
"2022-11-07 12:30:00",575,14.27,14.11,15.4,14,13.8,13.4
"2022-11-07 12:45:00",576,14.2,14.1,15.4,14,13.8,13.4
"2022-11-07 13:00:00",577,14.2,14.1,15.4,14,13.8,13.4
"2022-11-07 13:15:00",578,14.2,14.1,15.4,14,13.8,13.4
"2022-11-07 13:30:00",579,14.2,14.1,15.4,14,13.8,13.4
"2022-11-07 13:45:00",580,14.2,14.1,15.4,14,13.8,13.4
"2022-11-07 14:00:00",581,14.2,14.1,15.4,14,13.8,13.4
"2022-11-07 14:15:00",582,14.2,14.1,15.4,14,13.8,13.4
"2022-11-07 14:30:00",583,14.3,14.1,15.4,14,13.8,13.4
"2022-11-07 14:45:00",584,14.3,14.1,15.4,14,13.8,13.4
"2022-11-07 15:00:00",585,14.3,14.1,15.38,14,13.8,13.4
"2022-11-07 15:15:00",586,14.3,14.1,14.5,13.99,13.8,13.4
"2022-11-07 15:30:00",587,14.3,14.1,14.2,14,13.8,13.4
"2022-11-07 15:45:00",588,14.36,14.1,14.06,14,13.8,13.4
"2022-11-07 16:00:00",589,14.4,14.1,14,14,13.8,13.4
"2022-11-07 16:30:00",590,14.4,14.87,14.69,14,13.8,13.4
"2022-11-07 16:45:00",591,14.47,15.39,15.16,14,13.8,13.4
"2022-11-07 17:00:00",592,14.5,14.53,14.53,14,13.75,13.4
"2022-11-07 17:15:00",593,14.5,14.2,14.62,14,13.75,13.4
"2022-11-07 18:30:00",594,14.7,14.95,14.99,14.1,13.76,13.4
"2022-11-08 08:00:00",595,15.27,14.3,13.8,14.7,14,13.43
"2022-11-08 08:15:00",596,15.3,14.4,14.61,14.7,14,13.5
"2022-11-08 08:30:00",597,15.3,14.4,14.87,14.7,14,13.5
"2022-11-08 08:45:00",598,15.3,14.4,15.17,14.7,14,13.5
"2022-11-08 09:00:00",599,15.3,14.4,15.28,14.7,14,13.5
"2022-11-08 09:15:00",600,15.3,14.4,15.3,14.7,14,13.5
"2022-11-08 09:30:00",601,15.24,14.4,15.35,14.7,14,13.5
"2022-11-08 09:45:00",602,15.2,14.4,15.4,14.7,14,13.5
"2022-11-08 10:00:00",603,15.2,14.4,15.4,14.7,14,13.5
"2022-11-08 10:15:00",604,15.2,14.4,15.4,14.7,14,13.5
"2022-11-08 10:30:00",605,15.2,14.41,15.4,14.7,14,13.5
"2022-11-08 10:45:00",606,15.2,14.49,15.4,14.7,14,13.5
"2022-11-08 11:00:00",607,15.2,14.5,15.4,14.7,14,13.5
"2022-11-08 11:15:00",608,15.2,14.5,15.41,14.7,14.03,13.5
"2022-11-08 11:30:00",609,15.2,14.5,15.45,14.7,14.1,13.5
"2022-11-08 11:45:00",610,15.14,14.5,15.5,14.7,14.1,13.5
"2022-11-08 12:00:00",611,15.1,14.5,15.5,14.63,14.1,13.5
"2022-11-08 12:15:00",612,15.1,14.5,15.5,14.6,14.1,13.5
"2022-11-08 12:30:00",613,15.1,14.5,15.5,14.6,14.1,13.5
"2022-11-08 12:45:00",614,15.1,14.5,15.5,14.6,14.1,13.5
"2022-11-08 13:00:00",615,15.1,14.5,15.5,14.6,14.1,13.5
"2022-11-08 13:15:00",616,15.1,14.5,15.5,14.6,14.1,13.5
"2022-11-08 13:30:00",617,15.1,14.5,15.5,14.6,14.1,13.5
"2022-11-08 13:45:00",618,15.1,14.5,15.5,14.6,14.1,13.5
"2022-11-08 14:00:00",619,15.1,14.5,15.5,14.6,14.1,13.5
"2022-11-08 14:15:00",620,15.2,14.5,15.5,14.6,14.1,13.5
"2022-11-08 14:30:00",621,15.2,14.5,15.5,14.6,14.1,13.5
"2022-11-08 14:45:00",622,15.2,14.5,15.5,14.6,14.1,13.5
"2022-11-08 15:00:00",623,15.2,14.5,15.5,14.6,14.1,13.5
"2022-11-08 15:15:00",624,15.2,14.5,15.5,14.6,14.1,13.5
"2022-11-08 15:30:00",625,15.2,14.5,15.5,14.6,14.1,13.5
"2022-11-08 15:45:00",626,15.3,14.5,15.5,14.7,14.1,13.5
"2022-11-09 09:45:00",627,15.48,14.7,14.41,15,14.36,13.7
"2022-11-09 10:00:00",628,15.5,14.8,15.3,15,14.4,13.7
"2022-11-09 10:30:00",629,15.45,14.76,14.2,15,14.4,13.7
"2022-11-09 10:45:00",630,15.5,14.8,14.2,15,14.4,13.7
"2022-11-09 13:00:00",631,15.3,14.7,14.71,14.9,14.4,13.7
"2022-11-09 14:00:00",632,15.3,15.78,15.2,14.9,14.4,13.7
"2022-11-09 14:15:00",633,15.3,15,15.36,14.9,14.4,13.7
"2022-11-09 14:30:00",634,15.3,14.92,15.52,14.9,14.4,13.7
"2022-11-09 14:45:00",635,16,14.8,15.5,14.9,14.4,13.7
"2022-11-10 08:30:00",636,14.4,14.5,14.4,14.4,14.23,13.8
"2022-11-10 08:45:00",637,14.48,14.5,15.28,14.4,14.3,13.8
"2022-11-10 09:15:00",638,14.4,14.5,15.16,14.3,14.28,13.8
"2022-11-10 09:30:00",639,14.4,14.5,15.55,14.3,14.3,13.8
"2022-11-10 09:45:00",640,14.4,14.5,15.67,14.3,14.3,13.8
"2022-11-10 10:00:00",641,14.4,14.5,14.99,14.3,14.2,13.8
"2022-11-10 10:15:00",642,14.4,14.5,15.51,14.3,14.21,13.8
"2022-11-10 10:30:00",643,14.4,14.5,15.7,14.3,14.2,13.8
"2022-11-10 10:45:00",644,14.4,14.5,15.7,14.3,14.2,13.8
"2022-11-10 11:00:00",645,14.37,14.5,15.79,14.3,14.2,13.8
"2022-11-10 11:15:00",646,14.3,14.5,15.8,14.3,14.2,13.8
"2022-11-10 11:45:00",647,14.3,15.39,15.37,14.2,14.2,13.8
"2022-11-10 12:00:00",648,14.3,15.72,15.59,14.2,14.2,13.8
"2022-11-10 12:15:00",649,14.3,15.91,15.7,14.2,14.2,13.8
"2022-11-10 12:30:00",650,14.3,16,15.8,14.2,14.2,13.8
"2022-11-10 12:45:00",651,14.3,16,15.8,14.2,14.2,13.8
"2022-11-10 13:00:00",652,14.3,16,15.8,14.2,14.2,13.8
"2022-11-10 13:15:00",653,14.3,16.08,15.8,14.2,14.2,13.8
"2022-11-10 13:30:00",654,14.3,16.1,15.8,14.2,14.2,13.8
"2022-11-10 13:45:00",655,14.3,16.1,15.8,14.2,14.2,13.8
"2022-11-10 14:00:00",656,14.3,16.1,15.8,14.2,14.2,13.8
"2022-11-10 14:15:00",657,14.3,16.1,15.8,14.2,14.2,13.8
"2022-11-10 14:30:00",658,14.3,16.1,15.8,14.2,14.2,13.8
"2022-11-10 14:45:00",659,14.34,16.1,15.8,14.2,14.2,13.8
"2022-11-10 15:00:00",660,14.4,16.1,15.8,14.2,14.2,13.8
"2022-11-10 15:15:00",661,14.4,16.1,15.8,14.2,14.2,13.8
"2022-11-10 15:30:00",662,14.4,16.1,15.8,14.2,14.2,13.8
"2022-11-10 15:45:00",663,14.4,16.1,15.8,14.2,14.2,13.8
"2022-11-10 16:00:00",664,14.4,16.1,15.8,14.2,14.2,13.8
"2022-11-10 16:15:00",665,14.44,16.1,15.8,14.2,14.16,13.8
"2022-11-10 16:30:00",666,14.5,16.1,15.8,14.2,14.1,13.8
"2022-11-10 16:45:00",667,14.5,16.1,15.8,14.2,14.1,13.8
"2022-11-10 17:00:00",668,14.5,16.1,15.8,14.2,14.1,13.8
"2022-11-10 17:15:00",669,14.5,15.6,15.4,14.2,14.1,13.8
"2022-11-11 09:30:00",670,14.68,14.4,14.93,14.4,14.1,13.8
"2022-11-11 09:45:00",671,14.7,14.4,15.39,14.4,14.1,13.8
"2022-11-11 10:00:00",672,14.63,14.4,15.15,14.4,14.1,13.8
"2022-11-11 10:15:00",673,14.6,14.4,15.25,14.4,14.1,13.8
"2022-11-11 10:30:00",674,14.6,14.4,15.34,14.4,14.1,13.8
"2022-11-11 10:45:00",675,14.6,14.4,14.6,14.4,14.1,13.8
"2022-11-11 11:15:00",676,14.6,14.4,15.3,14.4,14.1,13.8
"2022-11-11 11:30:00",677,14.6,15.2,15.3,14.3,14.1,13.8
"2022-11-11 12:15:00",678,14.53,14.4,14.76,14.3,14.1,13.8
"2022-11-11 12:30:00",679,14.6,14.94,15.37,14.3,14.1,13.8
"2022-11-11 12:45:00",680,14.58,14.5,15.17,14.3,14.1,13.8
"2022-11-11 13:15:00",681,14.6,15.4,15.5,14.3,14.1,13.8
"2022-11-11 13:30:00",682,14.6,15.68,15.54,14.3,14.1,13.8
"2022-11-11 13:45:00",683,14.6,15.8,15.61,14.3,14.1,13.8
"2022-11-11 14:15:00",684,15.12,15.64,15.42,14.3,14.1,13.8
"2022-11-11 14:30:00",685,14.7,15.44,15.23,14.3,14.1,13.8
"2022-11-11 14:45:00",686,14.6,15.05,15.22,14.3,14.1,13.8
"2022-11-11 15:00:00",687,14.7,14.6,15.45,14.3,14.1,13.8
"2022-11-11 17:30:00",688,14.64,14.39,14.99,14.3,14.1,13.8
"2022-11-12 10:15:00",689,14.2,14.4,14.66,14.2,14.1,13.8
"2022-11-12 10:30:00",690,14.2,14.3,14.2,14.2,14.1,13.8
"2022-11-12 11:00:00",691,14.2,14.38,14.89,14.2,14.1,13.8
"2022-11-12 11:15:00",692,14.2,14.4,15.39,14.2,14.1,13.8
"2022-11-12 11:30:00",693,14.2,14.4,15.54,14.2,14.1,13.8
"2022-11-12 12:15:00",694,14.2,14.4,15.24,14.1,14.1,13.8
"2022-11-12 12:30:00",695,14.2,14.4,15.51,14.1,14.1,13.8
"2022-11-12 12:45:00",696,14.2,14.4,15.61,14.1,14.1,13.8
"2022-11-12 13:00:00",697,14.2,14.4,15.64,14.1,14.1,13.8
"2022-11-12 14:15:00",698,14.1,14.3,15.05,14.1,14.1,13.8
"2022-11-12 14:30:00",699,14.1,15.22,15.3,14.1,14.1,13.8
"2022-11-12 15:00:00",700,14.1,14.4,15.24,14.1,14.1,13.8
"2022-11-12 15:30:00",701,14.2,14.4,15.6,14.1,14.1,13.8
"2022-11-12 15:45:00",702,14.2,14.36,15.7,14.1,14.1,13.8
"2022-11-12 17:30:00",703,14.19,14.2,14.51,14,14,13.8
"2022-11-12 18:00:00",704,14.2,14.2,14.6,14,14,13.8
"2022-11-12 18:15:00",705,14.2,14.3,14.3,14,14,13.8
"2022-11-12 18:30:00",706,14.23,14.3,14.64,14.1,14,13.8
"2022-11-13 07:45:00",707,14,14.14,14.39,14,13.9,13.8
"2022-11-13 08:00:00",708,14,14.2,15.3,14,13.9,13.8
"2022-11-13 08:15:00",709,14,14.2,15.42,14,13.9,13.8
"2022-11-13 08:30:00",710,14,14.2,15.51,14,13.9,13.8
"2022-11-13 08:45:00",711,14,14.2,15.6,14,13.9,13.8
"2022-11-13 09:00:00",712,14,14.2,15.6,14,13.9,13.8
"2022-11-13 09:15:00",713,14,14.2,15.6,13.9,13.9,13.8
"2022-11-13 09:30:00",714,14,14.2,15.6,13.9,13.9,13.8
"2022-11-13 09:45:00",715,13.9,14.2,15.25,13.9,13.9,13.8
"2022-11-13 10:00:00",716,13.9,14.83,15.2,13.9,13.9,13.8
"2022-11-13 10:15:00",717,13.9,14.59,14.73,13.9,13.9,13.8
"2022-11-13 10:30:00",718,13.9,14.32,15.14,13.9,13.9,13.8
"2022-11-13 10:45:00",719,13.9,14.2,15,13.9,13.9,13.8
"2022-11-13 11:15:00",720,13.9,15.27,15.36,13.9,13.9,13.8
"2022-11-13 11:30:00",721,13.9,15.33,15.34,13.9,13.9,13.8
"2022-11-13 11:45:00",722,13.9,15.54,15.5,13.9,13.9,13.8
"2022-11-13 12:00:00",723,13.9,15.63,15.6,13.9,13.9,13.8
"2022-11-13 12:30:00",724,13.88,15.08,15.08,13.8,13.9,13.8
"2022-11-13 12:45:00",725,13.9,15.27,15.23,13.8,13.9,13.8
"2022-11-13 13:00:00",726,13.9,15.38,15.35,13.8,13.9,13.8
"2022-11-13 13:15:00",727,13.9,15.1,15.05,13.8,13.9,13.8
"2022-11-13 13:30:00",728,13.9,15.28,15.27,13.8,13.9,13.8
"2022-11-13 13:45:00",729,13.9,15.56,15.54,13.8,13.9,13.8
"2022-11-13 14:00:00",730,13.9,15.69,15.6,13.8,13.9,13.8
"2022-11-13 14:15:00",731,13.9,15.13,15.25,13.8,13.9,13.8
"2022-11-13 14:30:00",732,14,14.5,15.5,13.8,13.9,13.8
"2022-11-13 14:45:00",733,14,15.3,15.46,13.8,13.9,13.8
"2022-11-13 15:00:00",734,14,14.4,14.77,13.8,13.9,13.8
"2022-11-13 15:45:00",735,14.04,14.2,15.25,13.88,13.9,13.8
"2022-11-13 16:00:00",736,14.1,14.7,15.48,13.9,13.9,13.8
"2022-11-13 16:30:00",737,14.1,14.82,14.96,13.9,13.89,13.8
"2022-11-13 16:45:00",738,14.1,14.3,14.53,13.9,13.8,13.8
"2022-11-13 17:00:00",739,14.2,14.88,15.25,13.9,13.9,13.8
"2022-11-13 17:15:00",740,14.2,15.37,15.51,13.9,13.9,13.8
"2022-11-13 17:30:00",741,14.2,14.55,15.06,13.9,13.83,13.8
"2022-11-13 17:45:00",742,14.3,14.83,15.28,13.9,13.86,13.8
"2022-11-13 18:00:00",743,14.3,14.3,14.41,13.9,13.8,13.78
"2022-11-14 08:30:00",744,14.4,14.26,14.55,14.3,14,13.7
"2022-11-14 08:45:00",745,14.4,14.28,14.71,14.3,14,13.7
"2022-11-14 09:00:00",746,14.4,14.3,15.24,14.3,14,13.7
"2022-11-14 09:15:00",747,14.4,14.3,15.38,14.3,14,13.75
"2022-11-14 09:30:00",748,14.4,14.3,15.5,14.3,14,13.8
"2022-11-14 09:45:00",749,14.4,14.3,15.56,14.28,14,13.8
"2022-11-14 10:00:00",750,14.4,14.3,15.6,14.2,14,13.8
"2022-11-14 10:15:00",751,14.4,14.3,15.6,14.2,14,13.8
"2022-11-14 10:30:00",752,14.36,14.3,15.6,14.2,14,13.8
"2022-11-14 10:45:00",753,14.3,14.3,15.6,14.2,14,13.8
"2022-11-14 11:00:00",754,14.3,14.3,15.6,14.2,14,13.8
"2022-11-14 11:15:00",755,14.3,14.3,15.63,14.2,14,13.8
"2022-11-14 11:30:00",756,14.3,14.3,15.7,14.2,14,13.8
"2022-11-14 11:45:00",757,14.3,14.3,15.7,14.2,14,13.8
"2022-11-14 12:00:00",758,14.3,14.3,15.7,14.2,14,13.8
"2022-11-14 12:15:00",759,14.3,14.3,15.7,14.2,14,13.8
"2022-11-14 12:30:00",760,14.27,14.3,15.7,14.16,14,13.8
"2022-11-14 12:45:00",761,14.2,14.3,15.7,14.1,14,13.8
"2022-11-14 13:00:00",762,14.2,14.3,15.7,14.1,14,13.8
"2022-11-14 13:15:00",763,14.2,14.3,15.7,14.1,14,13.8
"2022-11-14 13:30:00",764,14.21,14.3,15.7,14.1,14,13.8
"2022-11-14 13:45:00",765,14.3,14.3,15.7,14.1,14,13.8
"2022-11-14 14:00:00",766,14.3,14.3,15.7,14.1,14,13.8
"2022-11-14 14:15:00",767,14.3,14.3,15.7,14.1,14,13.8
"2022-11-14 14:30:00",768,14.3,14.3,15.7,14.1,14,13.8
"2022-11-14 14:45:00",769,14.3,14.3,15.7,14.1,14,13.8
"2022-11-14 15:00:00",770,14.3,14.3,15.7,14.1,14,13.8
"2022-11-14 15:15:00",771,14.3,14.3,15.7,14.1,14,13.8
"2022-11-14 15:30:00",772,14.39,14.3,15.7,14.1,14,13.8
"2022-11-14 15:45:00",773,14.4,14.3,15.7,14.1,14,13.8
"2022-11-14 16:00:00",774,14.4,14.3,15.7,14.1,14,13.8
"2022-11-14 16:15:00",775,14.4,14.3,15.7,14.1,14,13.8
"2022-11-14 16:30:00",776,14.43,14.3,15.7,14.1,14,13.8
"2022-11-14 16:45:00",777,14.5,14.3,15.7,14.14,14,13.8
"2022-11-14 17:00:00",778,14.5,14.3,15.7,14.2,14,13.8
"2022-11-14 17:15:00",779,14.51,14.3,15.7,14.2,14,13.8
"2022-11-14 17:30:00",780,14.6,14.3,15.7,14.2,14,13.8
"2022-11-14 17:45:00",781,14.6,14.3,15.7,14.2,14,13.8
"2022-11-14 18:00:00",782,14.6,14.3,15.7,14.2,14,13.8
"2022-11-15 08:15:00",783,15.2,14.49,14.1,14.8,14.2,13.8
"2022-11-15 08:45:00",784,15.2,14.5,15.25,14.8,14.2,13.8
"2022-11-15 09:00:00",785,15.2,14.59,15.47,14.8,14.2,13.8
"2022-11-15 09:15:00",786,15.2,14.6,15.58,14.8,14.2,13.8
"2022-11-15 09:30:00",787,15.2,14.6,15.6,14.8,14.2,13.8
"2022-11-15 09:45:00",788,15.2,14.6,15.62,14.8,14.2,13.8
"2022-11-15 10:00:00",789,15.2,14.6,15.7,14.75,14.2,13.8
"2022-11-15 10:15:00",790,15.1,14.6,15.7,14.7,14.2,13.8
"2022-11-15 10:30:00",791,15.1,14.6,15.7,14.7,14.2,13.8
"2022-11-15 10:45:00",792,15.1,14.6,15.7,14.7,14.2,13.8
"2022-11-15 11:00:00",793,15.1,14.6,15.75,14.7,14.2,13.8
"2022-11-15 11:15:00",794,15.1,14.6,15.76,14.7,14.2,13.8
"2022-11-15 11:30:00",795,15.1,14.6,15.8,14.7,14.2,13.8
"2022-11-15 11:45:00",796,15.1,14.6,15.8,14.7,14.2,13.8
"2022-11-15 12:00:00",797,15.1,14.6,15.8,14.7,14.2,13.8
"2022-11-15 12:15:00",798,15.1,14.6,15.8,14.7,14.2,13.8
"2022-11-15 12:30:00",799,15.07,14.6,15.8,14.7,14.2,13.8
"2022-11-15 12:45:00",800,15,14.6,15.8,14.7,14.2,13.8
"2022-11-15 13:00:00",801,15,14.6,15.8,14.7,14.2,13.8
"2022-11-15 13:15:00",802,15.04,14.6,15.8,14.7,14.21,13.8
"2022-11-15 13:30:00",803,15.1,14.6,15.8,14.7,14.28,13.8
"2022-11-15 13:45:00",804,15.1,14.6,15.8,14.7,14.29,13.8
"2022-11-15 14:00:00",805,15.1,14.6,15.8,14.7,14.3,13.8
"2022-11-15 14:15:00",806,15.1,14.6,15.8,14.7,14.3,13.8
"2022-11-15 14:30:00",807,15.1,14.6,15.8,14.7,14.3,13.8
"2022-11-15 14:45:00",808,15.1,14.6,15.8,14.7,14.3,13.81
"2022-11-15 15:00:00",809,15.13,14.6,15.8,14.7,14.3,13.84
"2022-11-15 15:15:00",810,15.2,14.6,15.8,14.7,14.3,13.84
"2022-11-15 15:30:00",811,15.2,14.6,15.8,14.7,14.3,13.88
"2022-11-15 15:45:00",812,15.2,14.6,15.8,14.7,14.3,13.9
"2022-11-15 16:00:00",813,15.2,14.6,15.8,14.7,14.3,13.9
"2022-11-15 16:15:00",814,15.27,14.6,15.8,14.7,14.3,13.9
"2022-11-15 16:30:00",815,15.3,14.6,15.8,14.7,14.3,13.9
"2022-11-15 16:45:00",816,15.3,14.6,15.8,14.77,14.3,13.9
"2022-11-15 17:00:00",817,15.35,14.6,15.8,14.8,14.3,13.9
"2022-11-15 17:15:00",818,15.4,14.6,15.8,14.8,14.3,13.9
"2022-11-15 17:30:00",819,15.4,14.6,15.8,14.8,14.3,13.9
"2022-11-15 17:45:00",820,15.46,14.6,15.8,14.8,14.3,13.9
"2022-11-15 18:00:00",821,15.5,14.6,15.8,14.8,14.3,13.9
"2022-11-15 18:15:00",822,15.5,14.6,15.8,14.88,14.3,13.9
"2022-11-16 08:15:00",823,15.9,15,14.8,15.4,14.6,13.9
"2022-11-16 08:30:00",824,15.9,15,15.04,15.4,14.6,13.97
"2022-11-16 08:45:00",825,15.9,15,15.55,15.4,14.6,14
"2022-11-16 09:00:00",826,15.9,15,15.75,15.4,14.6,14
"2022-11-16 09:15:00",827,15.9,15,15.8,15.4,14.6,14
"2022-11-16 09:30:00",828,15.85,15,15.9,15.4,14.6,14
"2022-11-16 09:45:00",829,15.8,15,15.9,15.4,14.6,14
"2022-11-16 10:00:00",830,15.8,15,15.9,15.4,14.62,14
"2022-11-16 10:15:00",831,15.8,15,15.98,15.32,14.69,14
"2022-11-16 10:30:00",832,15.78,15,16,15.3,14.7,14
"2022-11-16 10:45:00",833,15.7,15,16,15.3,14.7,14
"2022-11-16 11:00:00",834,15.7,15.02,16,15.3,14.7,14
"2022-11-16 11:15:00",835,15.7,15.08,16,15.3,14.7,14
"2022-11-16 11:30:00",836,15.7,15.1,16,15.3,14.7,14
"2022-11-16 11:45:00",837,15.7,15.1,16,15.3,14.7,14
"2022-11-16 12:00:00",838,15.6,15.1,16,15.3,14.7,14
"2022-11-16 12:15:00",839,15.6,15.1,16.02,15.3,14.7,14
"2022-11-16 12:30:00",840,15.6,15.1,16.02,15.2,14.7,14
"2022-11-16 12:45:00",841,15.6,15.07,16.09,15.2,14.7,14
"2022-11-16 13:00:00",842,15.6,15.02,16.1,15.2,14.7,14
"2022-11-16 13:15:00",843,15.6,15,16.1,15.2,14.7,14
"2022-11-16 13:30:00",844,15.6,15,16.1,15.2,14.7,14
"2022-11-16 13:45:00",845,15.6,15,16.1,15.2,14.7,14
"2022-11-16 14:00:00",846,15.6,15,16.1,15.2,14.7,14
"2022-11-16 14:15:00",847,15.6,15,16.1,15.2,14.7,14
"2022-11-16 14:30:00",848,15.67,15,16.1,15.2,14.7,14
"2022-11-16 14:45:00",849,15.7,15,16.09,15.2,14.7,14
"2022-11-16 15:00:00",850,15.7,15,16,15.2,14.7,14
"2022-11-16 15:15:00",851,15.7,15,16,15.2,14.7,14.02
"2022-11-16 15:30:00",852,15.7,15,16,15.2,14.7,14.09
"2022-11-16 15:45:00",853,15.8,15,16,15.2,14.7,14.1
"2022-11-16 16:00:00",854,15.8,15,16,15.2,14.7,14.1
"2022-11-16 16:15:00",855,15.8,15,16,15.2,14.7,14.1
"2022-11-16 16:30:00",856,15.84,15,16,15.2,14.7,14.1
"2022-11-16 16:45:00",857,15.9,15,16,15.2,14.7,14.1
"2022-11-16 17:00:00",858,15.9,15,16,15.3,14.7,14.1
"2022-11-16 17:15:00",859,15.98,15,16,15.3,14.7,14.1
"2022-11-16 17:30:00",860,16,15,16,15.3,14.7,14.1
"2022-11-16 17:45:00",861,16,15,16.07,15.3,14.7,14.1
"2022-11-16 18:00:00",862,16.1,15,16.1,15.3,14.7,14.1
"2022-11-16 18:15:00",863,16.1,15,16.1,15.31,14.7,14.1
"2022-11-17 08:00:00",864,16.4,15.3,15.7,15.87,15,14.2
"2022-11-17 08:15:00",865,16.4,15.4,15.81,15.8,15,14.2
"2022-11-17 08:30:00",866,16.4,15.38,15.77,15.8,15,14.2
"2022-11-17 08:45:00",867,16.4,15.4,16.05,15.8,15,14.2
"2022-11-17 09:00:00",868,16.4,15.4,16.11,15.8,15,14.2
"2022-11-17 09:15:00",869,16.3,15.4,16.2,15.8,15,14.2
"2022-11-17 09:30:00",870,16.3,15.4,16.2,15.8,15,14.2
"2022-11-17 09:45:00",871,16.3,15.4,16.2,15.8,15,14.2
"2022-11-17 10:00:00",872,16.28,15.4,16.2,15.8,15,14.2
"2022-11-17 10:15:00",873,16.2,15.4,16.2,15.8,15,14.2
"2022-11-17 10:30:00",874,16.2,15.4,16.2,15.7,15,14.2
"2022-11-17 10:45:00",875,16.2,15.4,16.2,15.7,15,14.2
"2022-11-17 11:00:00",876,16.18,15.4,16.2,15.7,15,14.2
"2022-11-17 11:15:00",877,16.1,15.4,16.2,15.7,15,14.2
